Hashed,User ID,Station ID,Start Time,End Time,Energy Usage,Digital Signature,Anomaly
e4b9338c4473a267b9073b7e9a49de8a8dba25a88bd6bf1864a89ae88af91586,user_37,station_20,15:40.3,02:40.3,21.39,bae5ea8203345a5b8dab881fb45419806ed4b1ac770c68a3d9de8adc7e52c0a4,0
a0b4758e9732e230b683e04b2bf76a8158c1d89f3c5066b46f17c33b2d2cc06a,user_70,station_3,15:40.3,15:40.3,68.54926488,d304cd401f6ac5c069498831db687c70be1fb29c49982153b6613dbc8ef796b1,1
1ce2c0a0e596bd721af0badfff9413e110ded84be87410185fc82128b61b4a9c,user_6,station_9,15:40.3,19:40.3,97.89300395,cb9e6606cc9c5aebca1b21b6007e16740ad9a28c13f4a27811fb35fa7bbe024a,1
a962f08884efef837005283cbc5410e7873555c843c85d62bd026664b3e970d8,user_14,station_12,15:40.3,44:40.3,54.84935938,1e63921c1dc04a6b46b8929979bffe9686cb05b6a2424684b3a883236e1a6044,1
ffc1d5907ccc62d9fa46cdb570c6cc71283e8361ba6f72ab3709d1b25a8bf9a4,user_33,station_5,15:40.3,09:40.3,33.08447521,3468b2e4dceeb68f40f5104cb05b42d3afd0f58830b2be94d4dba2013eb744b4,1
ed562bfd1dd71095bf32e3357e19fa4a55efed4d3f03cafd88d078a471b8ede4,user_98,station_7,15:40.3,55:40.3,101.5176445,d69beae8307ba03a6c74a51992a92782211a8b60f97167891035d1439567fa03,1
dc3b47884b3aa261d4169fbc9b8aa820b9ca2a3ebefab4475b8f728a222edbbd,user_24,station_9,15:40.3,02:40.3,83.9851297,7d5da5511439e1d2732ff57900a23aa5204f8ba10a76996c7fedbceedaf893b7,1
72aea0153843dd61207527ef3b9c13fd9f52c4ac4bf3878e83805bfae4a54a9a,user_36,station_5,15:40.3,45:40.3,38.6203842,966e407080595ff35398aece65b2e0f27baad7eb54de6439f7f1d2b870ffcf20,1
3efce3022feb082439e733d2bd2bd5ae2f86c9d035d05c31d15ad45de9a071bf,user_38,station_8,15:40.3,10:40.3,55.63047054,e2b94a91eaa8a28dd18402efd7afe1cd27d9553ffa1a692185f69d99c2cc7575,1
7c1813ea28ec67771f74c1d95a625a4667c37b3e895dd194ac06230dfc84462a,user_50,station_3,15:40.3,07:40.3,12.62,87f780899c5c880e3b501947b9d356f6feda778bfe102597f00deb139ca17ea8,0
fc9cb6a210d4e69ebf5f4502ae830076cf2ae9571a5a9bdb8e307468d9ad5945,user_69,station_6,15:40.3,00:40.3,86.62092076,fdc39cece26892d56f223f74d5763c7f7584dfd84cd7b996b847d0693ae00781,1
9601b0dd51200887383bc839c4880c07a35698d4c71a80c92dfecfbf7ae1f238,user_51,station_13,15:40.3,21:40.3,73.55353774,438716d63694326068f8ca251ba0d3ae15d53cccc4961e1362f25083625d492e,1
30acde9e8d87e69cb1d8d5b3785417d2b78973663101b555994a579515af6a87,user_34,station_10,15:40.3,15:40.3,90.49578684,9f6a745346b907830876987d00430ab66a893252792b7949929dbbcd966f4380,1
af44e33e3324c8d3763a2f0240eb115b2449662cb1f51151b36528f7d1b88074,user_94,station_14,15:40.3,57:40.3,48.4189277,5508aeea112c090d56b6b2cf8f51749100f39596876157f67630331f2d8eea80,1
f50a73286d28f39828199ea05dbfc83c40d4eeb3d77f81e2eb1b5e49f988a968,user_86,station_15,15:40.3,28:40.3,138.3731035,520b8788270b93c46049ccc60e14336336bacf964d0bf00292d0647c38acf5d4,1
27b117870ab213a070ef593f62bb1a5285456911493fceb8710f8e64c0e1ac5e,user_19,station_17,15:40.3,01:40.3,12.21,c94058dc99def3057b4b523c1dea249e806cb475b2e9bb635df0b23b2bf0b151,0
005b8904121aeba438a0ab7f7bfedd70cbe56f813a05180a8244f78a75154b85,user_3,station_14,15:40.3,18:40.3,35.13,d64ec628fdcf5eb151d9859d158c91fc3726035deadbd8775a4303ea0df7770a,0
77cc74a372af5815bcdbef53655bf4bb4451576ad78548a5016f9d900da44b79,user_2,station_5,15:40.3,35:40.3,20.21,26e7f06d9189ccbb19a304fd04513364de1c3024a4fa7fde7ffc65e857be1211,0
69b113f6d5cadc381892c64a7781688f5ff145b4dfe65e835b4bdb5d7d2b0d95,user_81,station_5,15:40.3,38:40.3,54.6861347,05bbd73df05bdd7d4bce352d7fd82aad9291f0b42e5d38532c8b2a844cc5047d,1
76b85dc53d6e33911abd3fa3d1935403c0b41130a5a7adff6aea451b8283effe,user_78,station_10,15:40.3,05:40.3,66.95550935,bf7e1d61dee570a44478d924e7e6af940437e15cf267c01c32b90e3dd376ba5f,1
194fe6745bc339105dd9b4dd4fc91addc151872e6cafe368cd715fc1fb8b8a7f,user_17,station_19,15:40.3,31:40.3,47.08,5c6a9cdb2c1220b5344355fdda167f3f931803200b9b39abe517a4e362690424,0
49978a8fb55c1ede53177abaeb298318ea51cdac08cd8523d46cd3740ca6f980,user_14,station_2,15:40.3,08:40.3,117.6955075,30c4bad115864583b1b11e4a073ad34727c11f89229addda52d984df8863686a,1
1c17943a0ff41e79bf86929569b2c5703b0b13a455f8dd9496fbb0447916551f,user_51,station_18,15:40.3,10:40.3,43.76,7485f6bf2ace94f7901be3047c19ba27593f89f135fa4aff8c7e4beaf157941d,0
33cbeffe0a20f0f45eb15f0db5252fc7f06f51a24b1f831c6065a5c799902d08,user_34,station_10,15:40.3,36:40.3,11.96,64d2a0685a7327bb4240edb34a7d27db02185801756c418bb3a4e2f545640e23,0
e588a22cf8803f4ee76d3fa8ba74b7209e2deb18d5c9b06d7afd1eced4bedde5,user_66,station_14,15:40.3,26:40.3,35.02,ac3ea134e64c8117b661914880ce4520453769131745956606a44d7f54144f36,0
27c5ea09b1b48f245c4023ef21a758f19bda17246a808ae5c8613025f60b9e6e,user_81,station_19,15:40.3,00:40.3,41.91,d6a313617b5de78d31e6ad570a2785f093d1db8975cbf6a37f28e113c1d387b0,0
b67a7d3dc24320ac64eb631cf7e22a43273f77862a18cb134f09de6588210f81,user_2,station_15,15:40.3,59:40.3,92.93664876,2435a017bf352705f1468344624d1ae670bb95c5f68b6a9681c335af840107e4,1
fb8fd4c4f575700d824dbc10c90ee940834495b5a460fd0db481a975eca8062a,user_34,station_18,15:40.3,50:40.3,95.52116812,69d3a9a13ca00f9f914474c9a288b22dd7e7838de37d9dc302363df3a137ab2b,1
cfe6f70fa0d3dfccb321a62a367d5316a4de07346c23cd35a70653debc8d5876,user_4,station_12,15:40.3,12:40.3,27.57,fdd44211e2c186f1e8d513a967a6ad506620041f763c4008f1e1654a52a266a3,0
81b73ad8cfdc7a83e97e6583cd957726d4cd06ba42271dcb11900085b143abc1,user_38,station_2,15:40.3,36:40.3,17.86,a11c4e37d1b6b51e2d89fb698dc1a80e868733d87f55f1e6fb4fb052c1b23552,0
98235a5a84143360e61670b5b12f7b03325afabfaf608d3857ca43bd077ae941,user_7,station_16,15:40.3,50:40.3,39.43,1281104e0385e0a851a3e1cf6444d75b52f7130476859eaaf0c7ba7f64635482,0
328ec8f009c72eb3e7405cea95c93f9d8021529d20ea2b3e1993019cd95d0b28,user_20,station_4,15:40.3,04:40.3,28.3638052,b600351406b08c7bc9cb1cd805c23b42ab98022e645b2347dcd645fb59d643b4,1
44d69a942350daf09bf81ca6ed2a040d2078a799f970a28107873debf5fd5741,user_67,station_11,15:40.3,00:40.3,118.5975967,85f164792e922db65ea6f1f7adbb14d87001402164c2e3ac0af3a952ffa16b9f,1
810a7481d80c69ea1a793d15684c03498d537a9694d58c4b119d05ab29974ba1,user_62,station_18,15:40.3,10:40.3,118.2622678,6600529e72765f68213bcdee093a7cdbb73fb4e2517cc63b2c46dd2f3318f5d3,1
5e1c6b2e27d22814bc67df9a1cd2be3561ab3f956b34c175d18b107cdffcdfc7,user_13,station_2,15:40.3,33:40.3,60.07621517,f2ff02cd16f084444f3b60c0eb39d2c097c0151305f32b27680b1143552190e3,1
06d51774e32c1952267184f320f2096c6303f83291981e16f7f1abb6c4d73ee7,user_61,station_19,15:40.3,03:40.3,134.5119984,85ced89d271a00403673df618f2e7580b11c2b911dd656655d6196655675c212,1
88e1036ce72588075d91c7708a3ac2b3b234ef340bd2f25b9e6e15da6eabf2c2,user_45,station_12,15:40.3,03:40.3,17.2,1aae16b7822ad06981069d9d53b912c729cd94c86c5d0b01788c508d4622d0ab,0
62fc16e7fc6d15160e939c4c2e7847eb1c35c0a4fff70ec31842280ab1fd680c,user_32,station_1,15:40.3,55:40.3,19.35,6f0cea95931e692186781b0b1660ed00b2172eb7f89083be0f3d93aad8e13292,0
2597d3911d235019b25f932e45d0a08247fb5fbb74be1f98e7d7c45cea92863c,user_97,station_10,15:40.3,46:40.3,14.21,5bd2a9fc1193ba0a6dcee3ad35aab28b1191d14651a27703b03f7b404a14cd01,0
e44d35182dae8ae0f5330bfa646dd2efcbe9fe9371df1200e633e8b3ac2ee297,user_78,station_8,15:40.3,33:40.3,11.5,b5c05b8d50de93514bcb11563ab8c2d249943486f92d29ddadf485d5f1d489fb,0
cd09df18ca91bd33bbca091daaf0ffa88dedf3335eddbac63bf463e97753252b,user_20,station_20,15:40.3,12:40.3,50.71395336,54444224c0067a0424b30460877b2af936fe71eba611e78f5266d8a6b5661c4a,1
debe9b4fab40cf67f0a9ada732fb5fc414e9f78b6908ae61cda8cff61a085b42,user_18,station_20,15:40.3,10:40.3,81.02971325,a896662c38e18720d10e099291b1cfd29d423dd854ae983a77ee51e4f8e5005a,1
d163e6b3918d393bfa24773cdca149a36699ebafab05580a2e428d1d959f43fe,user_91,station_1,15:40.3,08:40.3,38.22793106,37895e4e6cff9b7f37d4a9cbca69295fbe8ce188fc0774a7d4ba63d04e9959ee,1
561c0d480e7c28ca4f51b8e152d464e89af74f4566842c869899bedb222b7ac3,user_64,station_18,15:40.3,09:40.3,12.93,c3b73f3e83626b9c2a026f83a7ac36d47aab67415e2b91f138592a1382ac5bf5,0
09187bde9347f256ad812ccd4f360536d807a2ad654537681c712e77d2362bcb,user_37,station_18,15:40.3,36:40.3,74.44320472,1a31a4365795e5fabf6f91d012837525ddc71481092ded4eebcfc9d247503ce1,1
a8a1e34d47196804122528c61c8d42a1133e6376d0df5153bd24ac3e78a93fe1,user_69,station_7,15:40.3,41:40.3,34.83,abed063ee109d0a7cdc1e9fbda48e42906da1160112aaaaef19adc5a5b67dbf6,0
e1cb52266e7d00f837ca34ef68f8dd15335321eda60b2f7c0a628cd8071dd922,user_83,station_20,15:40.3,56:40.3,29.28,56e15475e088445e0f249da3d5f9d0eb3726826b114ced1bdd808665e7d5650a,0
ee28d83c9e9a6f3559cdc9fe56cd6214be71783a3597c8b94e5de8dd9d71f174,user_46,station_20,15:40.3,59:40.3,72.73099337,c47b1c342c80596a7aa94bb49a3017529304604a44fe5f89c56f3ecceaccd7f3,1
27ec18988b86a32c02d2db98fe46f9d84006a2668175342dc875b4bc9c6c237a,user_78,station_17,15:40.3,54:40.3,39.73975753,bf383571f8d9e412d84bdaaf9783b686dd5486fa96d5bc7d85b4b459b1b65379,1
e94dd67f6673d168c0cdf9af578edcd733858a2ff7e8111d1e95a87d70424485,user_15,station_2,15:40.3,07:40.3,17.19,7855a91c7b76f930c27fe5bc913b77e5383273daabb5954e3c399f774d85fa92,0
7552c829cc1551d9a65488c894f30c4ab300e29d4f988ef7e944b29ef28435eb,user_33,station_2,15:40.3,43:40.3,26.14,e1acbe83eaad9ad7a366b12ee7c8d64393935db16b789a1fb9361c988f569368,0
3126fc6b29f38ab4718fb83231b8e0f216f72facb5a139af4c53eeb43b92d64f,user_12,station_1,15:40.3,15:40.3,29.04017063,5fc7e83d6616270c5350583deb4c8c01199e5b16ec175b2d50a8d0637c163dae,1
f545e0ba0da9450ff793e8cd6a2a62e2d7707d77f33ccaaf7b60e005000a9b86,user_61,station_14,15:40.3,53:40.3,53.93738485,0dadf37c6596115dce3896eed455b984edf8fdd060ea26ef90e5b2cb29e2d17c,1
c13fc7d45bfb68aabc95cd1bf5299102815e0d689a904294e58931995fa041ea,user_93,station_16,15:40.3,06:40.3,76.14747329,16339bba97d3dab2090b210e69fd221b84febc234df8d27229a6e8bfac6f1994,1
3c46d934bf3090ab30497cead6353e2ad181cc039d8f10f7482b7eb416339299,user_14,station_16,15:40.3,05:40.3,17.66675136,277462f4ef688467ebb398009a22c53e3542f66d45f1dd32138b2e0d339ca30c,1
3944ffd3841dbf00f5ff68a5a7a3f616f649366b3997325e299643c41d1883dd,user_10,station_2,15:40.3,26:40.3,37.83,2b6a9717d37a0bf361048dfce6d896a76bacfe043b26582d169474a5ae849a98,0
b0a4d17e925ae1466ccdd0c13fa7aed2756b1d6a281397e3f430c5335b7cd547,user_13,station_6,15:40.3,20:40.3,14.75,29d7fc650560f3b3597943d4138f7d62ab0279e1d82a966440d12caae80ba360,0
8aa6f661b6535af8e769d6cc8fd5bf75066d4997c71f26dd04d29b0cd303997c,user_63,station_10,15:40.3,57:40.3,70.90217032,f972549fd953f725e0b4a784705cd1df18fde94eee2f156743cd2e929e7c7c28,1
c0f9631a09a7497a033436a52d45031a93481110f3c0fb184ad244c61ca24f90,user_85,station_19,15:40.3,01:40.3,20.17,5f44a069124dd20be1143d4f59018b6709347ac426a40e6328a708b04b579504,0
0e508f4a34d8ee518862a7c2c263d7addf8dbca26993eff2e9d4fb04ee072f03,user_22,station_5,15:40.3,10:40.3,77.94997291,082d09af8403df60c9159b0e9a04f13c0f03f261a80b9e88cb6ce9e743bbaf15,1
dd4fd23df2315e8396f438ed073f559b8efc6bbaadf5ee915ea7e6e8ef9b42e6,user_81,station_2,15:40.3,34:40.3,81.48711642,c8a6276c843fbaf9423a67351550d5b77ad51c1a0e36aaf9af2749632bfc507e,1
b603c4926aa6d6d6f5a83a350ce02966b6050db28712f4541d46c6f28d701b25,user_18,station_15,15:40.3,27:40.3,6.17,dfda99b5f6a40718e0969f44c2ebc38f94a65d4a81abc0f7c0d5f0dc1c074677,0
28e9fdd7a8353cfbb74b1a6c7e0224c6e642914621f88f8eaf26828e4990fbce,user_1,station_5,15:40.3,38:40.3,27.31853437,4eeddd505e391ecab1fa1ca54ed210cde328efc97cdbfc866cfdd996cba78ef0,1
c906c168dfe82b250b2eaf46cc40d0beb838df3079b34cf49f9b0829e607412a,user_4,station_12,15:40.3,45:40.3,42.2,75f332b7f1b17e582733939fab2f0a4fa11b37249d240f73810c3673803af9ea,0
23cdae58b22676923e6b60bbc1484d6b2b08119f8cbcefbf7691902ab966fc93,user_48,station_12,15:40.3,07:40.3,43.43,0fa95fed2afc23d4b0bffbc43f4b85124d2e36918eed3ae20d12fe398e83ca95,0
09fff56556f5e99fd4f2baf7bf3c1872fc2e27a97f5a1afb4a1f5bc5d544915f,user_60,station_11,15:40.3,45:40.3,96.96046228,63bf3c2e3bab40a2c82c78748da9f7a56bea263c837087cb3fe6cf4982cfe6f5,1
621c8ca4c358917b07a5a75e219da8427fff360c5bcf256b038bec1d7089cf49,user_37,station_14,15:40.3,22:40.3,6.09,8d6bc2fe69a9611901364392e3a103b8fc12b54def19a1e4366380e2f3aa9d25,0
ff8cc9a3faee2b9e835aa247b212dbb3633ec8df00b5b78e789d7717b1766a40,user_57,station_19,15:40.3,02:40.3,36.89,b2821789a53ef2395e4e2136f9711cc0125a4ac757944ce0cbf3c8620f0be133,0
0017d9684f0fbd22ad94a173a2a016e7acd8315186b69d19ef663bd0b30e99f8,user_68,station_15,15:40.3,31:40.3,42.9907928,d15efc828cdecbbdd5f07e31d01b2ce80d0a0b56a60552e274848e2b29253dcc,1
fc5e17b8ecbdd3dacba6f04004f61b4ed5c8dea97a762a9bd8bbd397b9328d94,user_77,station_9,15:40.3,31:40.3,16.83163489,56e313d849f996694078d8c13e6591a2a0ba7bbacc67f1edb04789394a0e3f17,1
fe19350e3eb92591258d2adb37cc81586bcbf28bfaf16a865c15fa0b0a367461,user_44,station_14,15:40.3,00:40.3,26.58075068,ae72f81a42f262b97917b04c5e69331c8bb24a0b52df6cda494508df01e366ac,1
bb0723dd477ff52782faae1cabbc0ec970c128e606bfa7e8890443b582a280ad,user_78,station_7,15:40.3,13:40.3,44.79409687,23046c6a7cb27dbfd7963d6c9f19eeb0e5218b666e8153b27667527a15d8d55d,1
b8fc1409b2da2b91e0047c3f5529c94f450563397c5cbbd4af3e932ecb3fb1d8,user_45,station_3,15:40.3,34:40.3,20.1,4448fbf787ac3a3ff7717ac84f13fd78428dea3c460bce328cc01536b8755841,0
2d16a6f4e1110747fdd562e70893b2195b744a23844fb0ec13b40aa03f77c1ab,user_36,station_10,15:40.3,58:40.3,30.52,7aae20e8224f6e9ca8f8d80a391a9c4ef8e6d62f170e2d5daa3a23811d1e6ff4,0
3b1e610fee6a096c0f5ce9c609b72d635a48aaf1685526d1319d5ba20e48e5fa,user_57,station_5,15:40.3,25:40.3,37.91,85e79608b9aea057dd38ae9dc05c9e8c2e04a897b70cdbc67f70390fb34efedc,0
599571a4b2ef4e25daae356a2686bdb807e2b48c907a7c92c5109d8fd9033ceb,user_85,station_18,15:40.3,21:40.3,17.15831385,328b9bbd6e28e6d342502f37e947dda9ee8ebeebe4a73979612b7504a5c724bf,1
9f60cf32a5aea33f6dd2629e3d93d5a7fad0e76a33210b0b642a8e4b32bf8eb4,user_76,station_17,15:40.3,13:40.3,11.95,c804a363984e38359969c96a9b89f53ef822670f7dd76619b4930a42abbd0108,0
e232a9ac3dcc4748009c6128a2006bce1d14e9c7f3c07de3d9b6e5af5ed23a50,user_57,station_11,15:40.3,04:40.3,32.12,ecf8f628304d9e9a6cf6fef14c19eafbe3247b916652f511025ec476903329a6,0
2ca518e63379692ebb43c6f04b7c31d49b4873f5106bbae6f1766ffc867bc717,user_15,station_16,15:40.3,11:40.3,45.67,25936b3450d36e90222ab5478605b1605a217379b2e61388e7b84709b3f1f28c,0
4955f55d092581b0fad9fba6966791bf192f2c4bab51944c825212e1986cb0fb,user_20,station_4,15:40.3,50:40.3,19.88,173850435d6c50fdffac9e4aadb5db38973d90c011b1b76469f5366f9efc2671,0
8ff066e7737eca2ecdaeb29dd6b312a342a276f2befdb8b4dbe92610aa592406,user_20,station_14,15:40.3,45:40.3,57.57246962,138a305263e2c75c2c92cc186c0ce1af13f2e31dee72fcba838bd85cacd36b09,1
2f5f343007abe616f7a2e0515cf3634e3592376803b275997a503a98059fc307,user_99,station_16,15:40.3,51:40.3,68.60884283,332b4e33b99b0ba9119a42328917591b71654d01a78a2718ccb998fbbdc2ab00,1
aa835441e15f39055aed379bbdb9edf6c90b7d33716ddcb50b0c641d3719e15b,user_94,station_5,15:40.3,40:40.3,73.67769854,246b2a9892aa4c1f187db7f59cb7990566468c90bf13d4a4b0f71b204950c28b,1
69c13caa0ec5e3f398f3ad248951481c7965ee480a6fbc1c557d312d58ca354e,user_17,station_11,15:40.3,58:40.3,36.23,bf9c8d39088423a09fec26e7f1ba994a6d52757ae698cb270f9180ba569490d0,0
0ed6bb8f1e105234564816db129b7c500b60a21e1663957e165363517af6420b,user_20,station_1,15:40.3,26:40.3,24.01,672f8021380ace54c7d260f0f9b1cbdd6bd3e0d5e527dcbe7a40a88185b04a56,0
d3766d6c49709c3b5bad18ad7270e7762a58886366b5fe22052779b23585d419,user_71,station_6,15:40.3,09:40.3,23.71,74b2dbd5bae5c158b1079fbcfb21411cb3690685991563ff0b1a33c1ac1c8b3f,0
1540cc14f8aa8b22e5c8916ebfd272e6b94e021a3e8b8bc2a36b307f8bff1a9e,user_49,station_14,15:40.3,08:40.3,27.54,1d92ca3386bbbbcee576c83e8fce514e8e57f3ea9be6fbf3468954aeceece26a,0
08d165b9f8cfbcc005eff7de1f0a6bb7961948ebc4739948a9279ed768873505,user_70,station_16,15:40.3,01:40.3,84.12113027,e96b1b9cc06f0373aed912c100b9b415ebd35d02028634019e64445dffc3114c,1
ab328d210ac9da10957d850faa1fe96b33cd92ec38bdb888571c9cf515c39dcc,user_19,station_6,15:40.3,53:40.3,55.24813221,cd7a17f5025fe8bc377fed5ef11977a60984a81dc94a781ade9ac1af651ad1fa,1
865ec6a27e3dc4f0f966bd77f395426b0cf3bc2a961aacd4866ffb513ac4ca80,user_70,station_13,15:40.3,25:40.3,10.84928333,8da626427d2a475897eea70e80cd0cfbe012519f063d6d3619a1c2f07227a4d2,1
2d8d65a19275cf9c98fd5cfa4bda3eaf77ecdf805c97390d29cdff6b9cf19fbe,user_47,station_10,15:40.3,57:40.3,77.29791847,e6e9f4530b8c088b980d1d15a6b02d6b04338ddb795d446d6d518120a2cedc2c,1
02bb304e14e7bf7b9947c3c80cf1f876be126689769ae697523f13ed074241fc,user_4,station_2,15:40.3,23:40.3,36.76,f6469432a0b7f19627c0492d71ca98a8b141a5c502a390dda3a9aeb2db36ec1b,0
f7fb3d29c1ef593644aa0ee27e987de3515524da38637a38da3b6d3813b9e37a,user_59,station_16,15:40.3,14:40.3,5.17,451a7041195a014df0bc483091dea8162ea59d5fd7b6531d77fed0bed0676635,0
733484a90a48a8158ff03426e502cac934c00513c2751cdcf79ddc881145b7f5,user_78,station_3,15:40.3,07:40.3,59.10917361,fc7e7fae4f1abecb3c2f8584ef1f7d2af569e4093345c5e300206b958ba004e5,1
b072e48c35c044be387a8f2c8e7f6f6eafaabd4e0f03002cc42573592c37f518,user_9,station_14,15:40.3,00:40.3,67.61421007,fe96f6218360587ba46d207c1a29d38bcf407cee2499d27dfdace94ac7ff8c45,1
6181b116adf2f38f70e77549b6aba686420b7d0d914f1bbd4154e9c90663e7d9,user_86,station_10,15:40.3,05:40.3,107.0165553,efde1769154ee538acee8c824bbc29cfb851c2017567d99b85c52388659dff9d,1
c05c7ff992dec2b4ebe89ad613283f383c1bbf0752fad2ffe5ca7b3b2d224bb7,user_44,station_11,15:40.3,47:40.3,25.78640367,cca1ec94d978908ff0ee7b75951fb6cd105a5e5bf9bf896050b3b17cb8168107,1
5df95eb33f7198a3e06beeb65b083b2dc90d92509380acaa9a9c1b30bc1155db,user_74,station_15,15:40.3,54:40.3,28.60528145,74d814072b7eac59f23ca613cf049f246af967e0bd1d36509df96f70d89347ca,1
49a0f8fa312f61fb128ce244cf35669bae60be429d580623699024f7be6894b6,user_87,station_10,15:40.3,43:40.3,29.96967057,fb53f6b3831f0fab873f1e4bf8d63e20bf9fcfa0c31abded21264f454e1a3dbf,1
6c69a2020b70af2656948a3ca47b8e70cb6863b0b567f0d1ea94bcb667abc395,user_67,station_19,15:40.3,58:40.3,25.16,289b86f7c0166008137919d778a020679b80ebdc324b2e1eee478d6de9079a4b,0
aaefbeb31a20d9189bb610cf9f4504d49bd38764fc900744ba639a60367aa6c6,user_56,station_2,15:40.3,09:40.3,19.64,8252dff41a28ffe1e2ba8982fb08303a4222b2d4124099ef53d3c2ee0f208cc7,0
2871ee9f02a89dc66ec96513d9a19e68fec2b6f7d71e0aa4d25a8e7091b8e535,user_74,station_7,15:40.3,27:40.3,7.33,81f79686e9f69a294ca2ea97ce66e271786d25095bc1f7dcb1de9c9ea6c96493,0
c989d9af9b6be6d3e349c67e7dfb951ba783a137ecc5b338718f51fdb12a5890,user_59,station_8,15:40.3,27:40.3,30.86,9afceab17fa2c51bec1f75dc6ba42e5f33f4fbbac22fd2bae9b3dfbccc1fc37c,0
54ff2c69e18cf5308ffbe63080e0468b15f5d17d76cdf20f192495c6151a5814,user_91,station_13,15:40.3,45:40.3,112.3432866,0b51a554ffa94ebaca0d80218d6ff5a1677fbe685a816f5ab9c66abadd9e6a47,1
6cb3d5116b65a9b68eb2264a48cce46ace80d5b3daa0dfd6c12eb4d987e3bc68,user_43,station_9,15:40.3,01:40.3,77.45487684,ea21e117454d095ea7aa38a8635a09d51350473e9e7fbbc0abb4a79dcceb2228,1
854c0d00feeb1eb64c3a5811952f1cb0168cb5f5e8b35c20985e1f101007f6cc,user_5,station_10,15:40.3,47:40.3,11.82474706,36b8cb05819b8decf4972c508d18ed6d854fe0248c614374d97634dde525be42,1
e97a2136602dfd9cf45e75e1569645801ccfd5506338a5e9ba28ceb973b7d4c4,user_23,station_10,15:40.3,10:40.3,8.58,c040304cb1a1f11aeb9c21d91ed4de04d3c8fbca9708387bd0f91c33ed78fe8b,0
2902571b6614cbff5e97d3404ff5b1dd5b947b1899143548a2aa7334058ec08c,user_44,station_1,15:40.3,58:40.3,64.68719809,a41cfa2ee058ab5c33c27ad6f7553a8ae6b428fc479df1e2e2c17d2d6c903da0,1
4c779e1b38610c092078b25e38df7e0662f4064b4e13371e89673dbf67b0ef53,user_60,station_17,15:40.3,18:40.3,23.39143665,adcf0987ddf760ed76f996c6b33d9254f69a03b01174a6f1b3f0de65067b6041,1
329886fb7791bfe1b3b48878490c907fc3775126fb27af6deef774a6759ceabc,user_79,station_6,15:40.3,06:40.3,36.42028149,5b55f8cd0441b0e4009ad4ec2adf9f7a9d0c14ed2ebe979498933dcf54aead05,1
6a60a6c828365b07e85694bd1054c9d0767965629774451ef8c08f72bdd111e8,user_92,station_13,15:40.3,55:40.3,43.18674185,8cd5d869fb03d97c115f7913ecaa12e6f43102240d6a2fd87f840228bffc2e8a,1
79f10a92148635bc20c4892898950675a1e36e841caababd799ee144b027596e,user_10,station_5,15:40.3,46:40.3,48.79,af4815d56fba625c78903112100d5583d0d1eeb5d190eee3fabb2f0398e969f8,0
300c2c1abef369fbe2482909bc258e84d72984f0bf04ed2daca8cd83005c2e2b,user_58,station_4,15:40.3,08:40.3,38.73,0dc980fa365ac9f5dbe634694ad5ee6c78715e122e48278cafcf421a544a928d,0
9a88f9029c1310880462d0919dc211af247c330922b995615cb449800f358802,user_83,station_12,15:40.3,19:40.3,40.08,d9511679d898a4b0333df60fdc063f1446da6f3e5913a2bafbb30be5385aea6c,0
24d066b8ccb72117206c6c15dcb548a3949511618bc061564948e108bc8785cd,user_45,station_20,15:40.3,30:40.3,70.05343835,c54832aeba800cfcef3f484f6f150a7e0a6b031bd2bebfbc1480b8f5e878ed36,1
1fe11fed19fe389a2f10b9e897abf562040e7636c30f6342e5424b17938eee56,user_21,station_2,15:40.3,46:40.3,40.36,30ce5b7e81686154a192830b196339c2f9bb2690e236d9009a68ce4e893caf6c,0
28a018b438b947a932320afe4442b11f8932a79a9ed885d5d9d34b4aa70fefb5,user_96,station_9,15:40.3,43:40.3,23.62,cf39b39a3ec87153d6c1d11a011ed8d87f5eefef6a064853f8c120f6a492754e,0
5bcdbbfb13c7625134d9eb7840036886a6a86c4a7a39dbc3bad34a05240d34b2,user_40,station_14,15:40.3,46:40.3,25.97134729,338da2c891c64543400410b73f134aa104376b1dd2421b0d75f9ef2a33455dbc,1
6af05e24808ec85b0f2ff45389e56a78190ca71db32ed10f6ed22a2ec638da3e,user_93,station_9,15:40.3,52:40.3,39.88,f6664902518983934826b3a28511d03b8cfcdb67b558438283fbf23c07933854,0
e22977d7d1b05508da1f39784f8d8406ab78ff5bbd74a8e47f251f6e1bf94747,user_25,station_11,15:40.3,37:40.3,56.01569723,be0da6a0c567bd8701864afb3b5d8d8c8870ffd0563b843353ebc6c96b4838e7,1
bec825b75d9553ed324e0d1687e2c06e898e982154248620e6e093272f3c7074,user_6,station_16,15:40.3,56:40.3,16.86,82ca7fc07dade0865b474e4cdbfc4d2db4d9411324eeadc10b1a49a82fa9941d,0
826b26596cc0132266f6090b30ed8fb5a099193661158c238e4a53dd7b38060f,user_40,station_3,15:40.3,52:40.3,107.0052137,95e81f6c644e12e06a7bd6a479bbf8c71858c566577dafbaadd5a89350e73e4a,1
d851103b5c0a201c44fb5cdbf301f015cacdbd7198269ad42046e72c0a656712,user_61,station_18,15:40.3,16:40.3,81.10599942,f2b236e4b9dd6c8154883838b1ffba4e6a2f36080229badd6e0f8d5caed7e632,1
57c2fa99103f83ccc37f6c4c570e2b9eb5aab10616950f7c0b546cc1fdccb706,user_38,station_20,15:40.3,35:40.3,18.5319491,bfde0076deb324df5bad4d42fafd7afad94f5b5b547511cdf904d3aa93aea9a9,1
6cbbb17721e9d4982c2ae97fe037995a701af9e6481bb7298495a525669faeec,user_46,station_18,15:40.3,56:40.3,19.01,1dbb03ac53de7676de12183770a700cf3c724e2ea1b043d1d44fbaf4499a4e24,0
f2b88d31a2c924a1960d926c80ffda1c9127e025cf41850e5c0329d7c4383ad1,user_42,station_18,15:40.3,47:40.3,31.63,747dd37df86df8759d0619fb6afd33c304864866e47888207811a3c60f2089a9,0
de0aa837e5678863762e7a429f7d85d51e41fe49e7f74ccca66296b6b53a93ab,user_66,station_9,15:40.3,50:40.3,41.71,e4f2714ea3eb3c0faaa8d2ad3f1ed4d0469c29d10bd5259783e7336d93a13b57,0
0247519b886fa191862d152b5b89c7eac0ca9e5a82a2120f9414881ce30ab1fb,user_24,station_6,15:40.3,33:40.3,70.48698388,d229230d6272259ccd644fb6f67ed6b178b1013b83edb85da26052277ed0b0ef,1
a75639c4784fbcf612ed5339d73e6051101f2942ddf945ecfb6a96a093b11866,user_23,station_17,15:40.3,50:40.3,14.84,f37d53c1f13b27b051fa6b3bec6ec61930176a8c5428827bcf911956c546231a,0
13c9c914a26135f0318f1f62e8bb47ade7cd6492eda8e77aaddf9adeb8cac948,user_11,station_3,15:40.3,26:40.3,37.64,9dcdd077e8d541d93a7cd2f651f16971ac56526b59f9fafe7822d12c7316f011,0
c79529806b2813b259da36ffe90ae0feb4ac034b4bb0cc3b8f308359c197ebd7,user_64,station_5,15:40.3,02:40.3,13.75643972,0295bb58fdb87d066914043d1ccf2799cdfea22602fe2a3a3ce1fc7f247630dc,1
a2403af5d3b3a6ddd4aa414ce1888f650dd13ca28a1be42da9b63f50c5352201,user_31,station_16,15:40.3,50:40.3,13.58098488,622af8cd7ef1dca71825cd196dcb62eb331e307500b030720dc0cdcb5e60b971,1
b06f134701e24568ca49abb5c0cca234cdf1be6a2f65c496c48bcafbfd02fa65,user_31,station_4,15:40.3,31:40.3,47.47929464,74638ed14fdf907d8249ce4df33528c1a5c1b2b7aa462f0940d44fac08966826,1
c76130281a6e973e066865d248ee531c9258511bea45bb58fb58bd0f72982494,user_1,station_20,15:40.3,14:40.3,37.25,53849cf69fd3a877314ba5fff037b59a3459fcca3d7aed83196d7a5b2bbc8ce9,0
198f32012ce324844ddb846d15ee21e9f83418a2dc4c5fdf2003dd83b113b7f2,user_56,station_4,15:40.3,51:40.3,38.88,98e0824431e6b418fa9fe1cd8fdc52a99637a0af00bd6f1a5db5e451abd859e3,0
ab349a0c0f4e727ec2acc06986be88505220cd54705aaed1f95f5a9abe40dcdd,user_63,station_12,15:40.3,03:40.3,11.82,ad84df36e6ef7d0fa896667150e4cfbc7ec0f5e8afaab057ab0bff2b1b6dc9ff,0
2187feb566985a4a112605769d60f4afbe42d9bbfd45b2d63532c192fb805c17,user_29,station_15,15:40.3,55:40.3,5.94,635536ecb6abbf78aa53884766be484b73fdf81b246681486ae4d7b834fe78f5,0
d2170257a8057c3671828b743b870582857d76baf5cd1e6c8a0f97f33eed63fc,user_65,station_11,15:40.3,01:40.3,44.16054561,f98314063aab7da9befbc4374981dee95a0e66db27fc05da5d81f0f8d415990c,1
80be4121e6f714a2f395c191d1b613b160ae0e6f209daf419e8666d134bf590f,user_5,station_17,15:40.3,10:40.3,19.3,06bd6b679f616701472f9819f1e59e1ba3744d22c0fd826a4597d26e2f6ecde0,0
e8874efc61844b846cc44aabd3822482dd19f9b9916d96d1dc04132c7e46cdd2,user_6,station_8,15:40.3,00:40.3,18.34,a336481a0d885cf3783ace5d6183bb9633056eb38535b3d98d310babc09b271b,0
21c9f2c60e65057561f320e521296f667c7843cd94154a2109d392b17a3603c5,user_86,station_13,15:40.3,38:40.3,12.54,19d1c8829641d5b754d25d1afda03b2d47de257ed772f019f937af7883b4edf6,0
ca4c5e44d513dfe7e5a96945b7f0d96b25bb437424541083296e3170c5ace2b5,user_4,station_15,15:40.3,51:40.3,36.81,2a3e2ff46157c032bfec3fa1f40b36a60277190f5ca5880ee530e9bd684ee9d8,0
368fc5326f39f157074f552230799b003a041df304a4e3c86fc4d6f6780af446,user_87,station_1,15:40.3,31:40.3,16.82,67c6742ba097b0c8bd19e2a1f018cf02a948a79049d6b8b994fc5520124817a8,0
27b7e757eea40b05f79e5c72f9a06a6fa277aa35b2beba3ba33a1f430cc92ce0,user_54,station_19,15:40.3,46:40.3,48.50474558,8ef77cf041266f6b7ffd1b92b9f42eccf0551e6a8992b0f06538677eb8a445de,1
c9061970f0cfc0ac6a01dcc6ca9a01f8bb461c9734c846cfa01415b1639ac228,user_11,station_2,15:40.3,50:40.3,67.49890501,f81ba3559d33bca2c631efbd4315daa4d7df0d4061edf1148b9a38524223709a,1
61d7bec107bdba266608ea68161cc893a8e6304f7b23132b6ac2bd4bf02168ac,user_13,station_1,15:40.3,37:40.3,99.93837796,214507a32a49264279e8fc309c75bd39730bd967de60973849665f1e2ab60ddb,1
e51d10e5b5f3cf8c4ecd5e07c54f63ac207941a314ad5c96f16b2f9f7814661d,user_36,station_16,15:40.3,44:40.3,35,28034640a9b81480aa31ab714167fe72e804f1f68aba45e7592e036a97994f91,0
f65974b8a61ae544660d3a308c9a7ff71b1e95c1835b9256410ef25dba1a8faf,user_84,station_11,15:40.3,59:40.3,108.2616857,5f19f9013624b8b334d8e5cfb7d1e316992d3dc3c72586b1ff7a28a07194f787,1
bd2ef3ef6114ac85d736b229a61a4a32e90e5427ea1e9a03de39e33953bb0b99,user_32,station_3,15:40.3,05:40.3,87.70484915,fc775212c02e08fdeff8079218670ddcdfe449226fd09bc795772a548d4ddeae,1
f57eb3a388d4742cfd51786ef390d4da35f9f74cc1821c3a261c4ce210cfec40,user_32,station_8,15:40.3,17:40.3,38.86,819bd8581d85f30267f5fa92aa79ed066b03fe7b956fbb796456a4172e5b8882,0
3bdcce67c171ad677b2483817995c480f79d08e2c2f4e88f21d4d90fcd17833d,user_11,station_20,15:40.3,15:40.3,28.36,c1d6c865ee99cd73f49351e5667bcba6f41ecd4b60c9460398b2024f1ce2aa68,0
db033e3471fee52fd07a17af6d614ea2ba2275161136821f6b9ace6bededaaa9,user_12,station_8,15:40.3,42:40.3,40.44,213a53c43ed22e5d78cfdf11078d088d5afc4fe6b311a592a1f1b458d3e1e0ab,0
ac68745d0d662b56ccf65abc44531f626d7ae463901840b3a91aff580299072d,user_73,station_14,15:40.3,15:40.3,57.71749634,d07e3f0dc9ffad3e3832d51ea0127fbf9df9748a046646cd2696d5734487941e,1
3a79aa4a6a22f13a6c5fa55a864b3690459fd4451dc5f378ddd17d6dbe825688,user_57,station_1,15:40.3,45:40.3,47.19,53ecb51767085ccd07623951da9c3710af35db7e64dafa4c0f9eb803f3564dbf,0
92495e2eaaa46aa59bfaf47b600cd90ddcfe644e9243508cf0de7d630c917373,user_50,station_6,15:40.3,43:40.3,24.70151257,cb3ab81d4f92519f56d8da7ac35e05e966764b981e02aef0d42d69e843f76c21,1
02c8a3200f391c3b98a0836652d386b8fbbdeb074ccc9dbf2867c5c311b00165,user_70,station_4,15:40.3,38:40.3,22.91558541,e7776ba0a7212cd38d38ebb1b057e3d2a949c0557cf6fa2444576a6fd1c4f936,1
86c6b493d23377e7c9705b683ed3c5b886902d607816d7bf2e13a1292c9f8fe5,user_73,station_6,15:40.3,46:40.3,97.29049031,c112290b678f37791cb819e2d701abc085d5fc6245367dce66e8334747230d8b,1
3683a0b1aa8559c992fd521529a70adc1f038fc1e3d3fc8ffe032a9be2e3852a,user_24,station_18,15:40.3,26:40.3,5.26,d823730daf8e0cbafadb31659c7e7755c0f6d8d3c037979a1b8614b3f88f9011,0
0a653df01a38d6b97d5b6ab741dd747d25348260982c4767d3fcad334489bbf0,user_49,station_3,15:40.3,34:40.3,21.22427108,c7fa0f0c01c37ea7d360a4667f3806884d03b67baa427df427ae13b1967a547d,1
26d1bb58d43c3e8d0112d3015ee5fe2d768155b834e084c0ecee03efd47a6887,user_99,station_1,15:40.3,56:40.3,102.0167078,eccb880dbdbf153a4c36b1dfba1762c3a698de9f5b4430200f9c0d5819c26869,1
dd8481619249f9f62ca18cdc32e0881f6f5f6d4b279caa782bcced548554e9dd,user_56,station_6,15:40.3,51:40.3,29.48237229,113c83421e43c17d5a7b2ec2a9e7df6df8b296069c0fca97ce2a78c63adeff0c,1
a57f3829ef2241fa5778dfec0bce116c48e20b3b2e7f654e99a56d0386a87a3e,user_65,station_1,15:40.3,57:40.3,26.93,92660abdc286fa886f56024d5117cab68afa71ed7305c293792435913f566606,0
871802af5f6542ede2775412d152d6aaa745c61c5be0d8e1ea9fbf04d8a92596,user_25,station_8,15:40.3,24:40.3,17.98,753447941d0d03515f9bcb58a5e80e7b5025047a29ff7c16295b0c6f4b5280f9,0
d86a70a338ce199507efbfbf1e40ac92d9947469d0f894b8488ce607d5e1108c,user_77,station_16,15:40.3,48:40.3,67.35893079,567f0e985234f362e5ad1d12649817808ce9e6519eb67df2b5ae986287f967d3,1
3e54eb79e52a3289626da0766332c366620e43499e6052db177fa6f7959c7d92,user_94,station_17,15:40.3,45:40.3,7.68,24a531ba32a4feeebe0bed5d5576a3cc53414317fea14a0e148b9b2088105e13,0
eeed40bc19a4f02f837532dfd2832e3cdae2e2feed1176a229c08d640bc43909,user_99,station_2,15:40.3,03:40.3,16.10765276,0106b516bceee85ee84bd14363e23732f05d78c49890828e07a0d41c36acd984,1
9b3bd7797df9d502da129cee8d29d92c511016c03999e87f45e9e2777b0e0c94,user_54,station_19,15:40.3,45:40.3,77.0419393,5d090ef3a28f36146be93242bb7204f3bf29e14fb7784eb2c42179e43cd447a0,1
09b091abf5484f68a5225a8e398857190ac259acf9de6e6ba9d88b6e086a5556,user_50,station_3,15:40.3,54:40.3,65.98944971,4f38af44e8bca1c9bb42d143c36074ad14c14c67a7aa58d181d7c31cde12c996,1
56a7eabb2cd112b9016ecf673903e778bca35d0110171e8b043ef3f682ea2327,user_48,station_9,15:40.3,12:40.3,10.38107237,e30272d970a8c7577900933a10b1d43a6eb62e2a2cc7ccefdb5f20dcb429a331,1
c45eab7b284f1d442fbf414de781d3a1d611b6ea7333a0b7e651cfafbd7fe1bc,user_28,station_4,15:40.3,34:40.3,59.34625142,4de1e52acda51b44dfd50fdd8eec7a30aa5ab29476ff6a1ba046518fa1fe4dac,1
bb0874df1d24823706d3979bb29750cf6995fd7bf429c4f2b909e81b303fbf9a,user_81,station_6,15:40.3,10:40.3,67.20723357,896facbe791129ef4968e154ebf405aca6a5f1365873b8364569103441ca3e6c,1
89620877af512242db95564e7a899896d353d6899bbc71a3cb597865cf2edd89,user_72,station_12,15:40.3,08:40.3,10.26342039,fc60e4b589c624421fa941271d0c71ad8647de56c702c1d13a48e04a7b3defab,1
59636691ef40afae061a1cf8f2c620b680d637db09979b74070548f1c5f0b5f2,user_2,station_9,15:40.3,59:40.3,69.05852623,7b0ec7cf9b4cdd2e3cc2be8fe53d84dee3e680594bddacfc413001ec00ac4c1b,1
ba6b3b3e7cba0a67bb6a763c249fc9f7c2c7413dabbbcdc6524f283b20034572,user_81,station_13,15:40.3,39:40.3,13.35,654986482e1993c77a26ff52447d98de8022d2c4a163dbed6c006f5be32b9e3e,0
91e7d64928543a59a1b152ada6ce0612de6944cfbc4c3232baae6f8069ad0ec9,user_73,station_1,15:40.3,08:40.3,99.41178534,882670b38f905d8472876a7b3e9447322dc40475a86cf821bae4196d54eea5f3,1
8cb3e14ca56ef1f2b3557658d585b5c033936f44a5fae2a6ddbddfb3b36ab581,user_81,station_13,15:40.3,35:40.3,28.93656377,136dc37a0c68917edb2b185c458e7d449c00b5c550c00353f1e71865ff439ed1,1
a5dd00c6221c28c9b4f8f1fa325deefcb39f928cb5d130dd766d732eb9fed50a,user_90,station_7,15:40.3,09:40.3,101.0023746,17a365d195ac99b4de0584f3229a34c18eb5e3c4b0588c140f65b1c472b6dd14,1
6ba739f27a0963195d540c7d130e3eba4a2fe8a57b7a6c775c4ba5f8108a7da8,user_34,station_13,15:40.3,01:40.3,7.69,6a8e5c29f32bf91ad4e3d7cfeabef103788620ef136cd52164203c77a849e554,0
641addc7b6b4cf3b29a49961d19c252f50c10f65d0aebf679c21d45ee13620a1,user_14,station_18,15:40.3,09:40.3,42.7,00354f8c2892fff4f8a14c69e5dc3e7a4a94009bf3fabb464027c186a07c8446,0
dd3feb61c6079b2b74cb73a7dcec95f9e90410141278b03edf078fb948ee5df3,user_64,station_17,15:40.3,07:40.3,118.5875646,f68c853eecf50bb291cbbe32307b4e2164cd0bd3ded616dcc7209f809f20d08d,1
8f3e4b7a59ae5777c96397ce6c952a9a9803705b6235b70713e809a36f434a01,user_70,station_19,15:40.3,31:40.3,23.60141502,3e34eef5fc44330422971b80733c5ec88674321d99634f8afd073458276b960c,1
51dc1a77db11643481e53b55f8912ccebdfe53511baf4380dbdf6212b878a72e,user_2,station_14,15:40.3,34:40.3,108.6226239,107dba87f0f4b43380626c1e54a5ebd3d02ad2f58ad7878968fd4d5e8665de90,1
0d9eb548dc0cc2fa986edd4d3f9fe3e8749653f66369a78db0f874274de6d3f6,user_34,station_4,15:40.3,04:40.3,41.64,739a9651ee91334e8183db1cca0fbbe828673847757c2da4fecea73cbcb9af2f,0
3126e289ae3317eb023bf8aff58a2f14d93978db022455589ab9b4dd8d02b047,user_87,station_12,15:40.3,10:40.3,45.98,8ac9633d21eff242dec59efe4e457cc37484904b8f080a52e9da180142edea1c,0
a5b1d1994423ac6c423d36fbce371b2cd214ffa4d40f37df72d135fc7b3af2f3,user_21,station_8,15:40.3,29:40.3,26.04884102,d88c6868c3049c380e8216ea31d0903e91b02b56b5cffe886706e820c992773b,1
752c8982a5f524aad150ca21ecabe32e6348f637926f818362894a5cadc26088,user_38,station_9,15:40.3,53:40.3,74.29100067,8163220e70b5f74c8e15b00afce48429e94aed666d0af1bfc31340aff9cb993b,1
cefbb7e580314b14caf9ea893e7deb3bc09a5be29883fb4c4be46ed7407475f7,user_19,station_6,15:40.3,07:40.3,14.53,352ac8e9529f3f3d10c9c939a76891f97792f9541414509ac9c7f8b86b7f0525,0
6cae50c8cb2110bd808ab3be76b579fa02976e8fb5f4eb10d62f3ef0c804830e,user_99,station_19,15:40.3,02:40.3,43.9,e37c7457333ca8995e25dfae8561f0207b3f0ecf41bac227baecf74766810858,0
ad49800c5d72bd85615b2e46e3c0cf69b03c8eaa64a993fac5b40ca4d59772fa,user_80,station_9,15:40.3,28:40.3,26.1,a0924ef5d6e219912b9d7bfd731983ab46c007fc47bedec5cbc7ef82c27ca7a7,0
6a32bdae6b2afcf00dbdecc09037546f8d49845d1daffce5a004fe216509b782,user_71,station_15,15:40.3,35:40.3,48.06,299e39a86013aaa979da83eee480c02903efff647d66a2d4be6ce27625f481bc,0
8074e5596480c45e1ad0d9f822eb68b11121bf8f4b42c7387c8130ec7adf3e1f,user_18,station_2,15:40.3,16:40.3,41.53845173,ddf056e3914602d22878e099a382f717a2c2c1fc37320d0e1ddb60a85de099ae,1
9f5fd7499d7bc7b15ff8085cbb690ffe1d68581c5c0cbf1b074a8427b81fd7df,user_62,station_5,15:40.3,21:40.3,12.05,e3308a7ce8df94213d0b3af6c2499076953839279109f6a1ab8021636f624993,0
61913bc8b541300d14e8b2b97f18d5e139f464728bd74c88b7e8d0e98b60397f,user_56,station_10,15:40.3,53:40.3,50.90689541,2825678beabe1879b194f9c93bbf3db868cf5eeaf4ae34cc49f2ef3627222190,1
581ce23dc2ab15cad8cf109d6fa112861ab35848fd49e2d4050b19b5970df6cf,user_89,station_13,15:40.3,56:40.3,22.73281965,84aed3ff6975d40965f5abf858c15f1755e66224fe7a65819d3c86ca274b3596,1
cbeee2cb0c6cdb6895eea32de4ea173ff5dd1e54dfb16f06048b576e9ba000c8,user_99,station_7,15:40.3,45:40.3,37.43928887,f93dbd01d19c38290b8e20210a9f41ba6fab9a823c263ccc34476525b9cff200,1
a076841a9d9adfefb69b00e76959ee6a53f4c935db9e78fdec32a55db67a34ed,user_80,station_19,15:40.3,29:40.3,45.28,31da54c3f113f9c638b6010aa53f071d7fe01c77182ed930b8f650f1db4f4c27,0
4491df6b2a4926e6deeb34b730849df50ae59b029f0f4f26a9d56a6f1290e6b5,user_23,station_16,15:40.3,18:40.3,32.56,3d9e0db377f9150c95f25c716ade8b68e3ba97a7af2e4a44323b92aa214255c8,0
5d27b318408d41584ac58ac55d186e49d9ab7a62dee0b0be5bcc85914797edf8,user_85,station_9,15:40.3,55:40.3,25.33,424409f5d8210b3a8b96a03d7f17276f4c3ba4d87cbed9a90169f3f9616e80f2,0
69a317cb053ad9958bc6f2e188eabeaa1b3d3cd6e92a30c466f252a3c8dc1bc1,user_22,station_17,15:40.3,48:40.3,6.63,5ba1100ec975b1954f3b9a3a58ac671b41ab2976200137a9e9f6a1e0203a32b4,0
6fe9225272124a242e2116804a8ccec2d1a7a5e066fc98ffd2dfda6633025cc4,user_85,station_4,15:40.3,53:40.3,13.88,febe3b991710cae4dd225b7d7ad33c8ec1d15fdfd227b1c3e6567ad6b4d81f36,0
e93fddd12c1cc23bc250da92c08431e7f0e2c47207e8efd94ca5cc377544867c,user_60,station_17,15:40.3,02:40.3,29.91,d3889f00e9e90ffb0159553bfcba392768aca9bccf54695c61d64cf637f5009a,0
3af4080a49abc981a64f5438419488de81e40694eeb07159da1332c427fb15b6,user_91,station_10,15:40.3,08:40.3,43.23,192e9aad49e3c350c9139788a44813a74fc970e37c516c156bdd4de5020a1250,0
a789abcbc50d20d4c81d75db8b9bc70170d907eaf4ad0571705bab26e0387e3b,user_65,station_10,15:40.3,44:40.3,40.21,e794f1f2a60bbf44cef64fff772aa109285fbebaeb81cf8740b9eceb6ff5537b,0
8bee55fb5b72e78b35e6de57a04d69771198e8b43b087153ea9460b40fefc4c4,user_22,station_16,15:40.3,46:40.3,41.12646961,4eb3359bfaeeabb6e7fba2a0f39266f540f0e45bf70b2a45cdcc8f7b9097da8f,1
584a26d790ea705d9f1353f22d8dea3c3c6942e26f2f4c4fabd2bee420670eb0,user_28,station_19,15:40.3,24:40.3,79.8437025,2f6069d64ad3778040739e991ad62acb6a1b9f25375b065259e04736c3961252,1
daf23badbb225703f62cb5975c99e257c637332c27b097e11e094cb8c2e2d41d,user_3,station_20,15:40.3,34:40.3,13.69185177,f54e2ed89d9a2274875c97861bf402f4e8a5455daa262e672870565313a42e55,1
49b04eaedb28a2839d6b128cd479968f3447eb6743b941b08000c188206d9fca,user_75,station_1,15:40.3,59:40.3,46.23651395,ee1c08d45ae12e6472c876e244c4ada29e89e39812ea78e913a43d4bdaa0fd01,1
15bddadce3da122d3607d9e8792a3d908ef535136d6acd7a5fd49cd5e68b6e45,user_75,station_14,15:40.3,03:40.3,103.398214,7fc3d2093b1e3dbdd939061ed6e5fbfcd6a5f16956cc95397b544590fd878d61,1
118e49c22fff1a1ab9c699efa626988e6ef83f12657fab342f3c66c2cfb960dd,user_89,station_14,15:40.3,09:40.3,121.7751385,87647924ae070b1d4a6ead6dd6502a7d9bd34fe6969676831acd6f1bb2419036,1
e6ea55454dc030d66dea6055443c6d63ce100b4b8bfef9ecf94e614473c504d1,user_10,station_15,15:40.3,35:40.3,60.46560972,a49bd1d93b6cde34def8bd4cda92ad17a7f44002e831505f01c918b78bebb645,1
8b27599a7450cefdfbe8e255403c1762f5dd0bfa9145f13fd5a203ced02bb012,user_49,station_18,15:40.3,33:40.3,32.22723605,b6c771f29db4349106048cb6fcdb474ce5ff48731631daf8988f0de91439fb7b,1
65c32ac2236636919a4fc3358a4bf598d7936e407b211f2a634598bf30f029e0,user_24,station_19,15:40.3,37:40.3,33.69,caa448b2816e75545454bac512a77af08bba818780330aa7b0b672f2b3b5fd34,0
c44968d26fec16d5b10befd538b8d8f5336b3da328c4e7aed406b83021cfa34d,user_84,station_10,15:40.3,04:40.3,14.82,15d28aa7d1cf3713c5cd903814e4cfbf3d7d1a5ad7e6c84533797e8d3b06b9be,0
f70881f31d2e749f2238efd0f15ab4604169130f3552187f61c48c34e612e6a3,user_6,station_11,15:40.3,37:40.3,24.15,edd057f2df59d11ccbcd67f4cf50f8e46de845dd51c347118217ea6d20709272,0
9da6cc68d01fac2a55afb7cee012b678c218e0a23605b0d4134934438e01534a,user_88,station_19,15:40.3,12:40.3,43.53,6e9babd45abd80abc230345267c5d77a780a0949789ab0958f357dd3f471d9fb,0
2b764d16b9597036411b3d016a22c3dd14bd7d6cfcd706473451301094ed270b,user_33,station_7,15:40.3,39:40.3,79.11126159,d7895cbc5ac5013360149625bd3301a491ee721d55375db4c02761c15ea48385,1
3f8b595d37502a9341bdf70a53ae9617876f40828da4156fc4fec1c8849bf978,user_41,station_17,15:40.3,09:40.3,45.22,758bfa497a304bae2c0d7dcbe4a061e30a0be3233dc0a4facaf1c695174144ee,0
75cfb989506a089835b378c14e2b870b199224e568e6225440c793f74f932be2,user_5,station_20,15:40.3,51:40.3,9.72,519047c5838eb63a6de5dc00f29bcefddc692d38a6405c8eb8a30e38aafb5b7e,0
537ff394aae77b14e0e4155e9f4499a9719eeeed8c377e0efb688c715cd45cd9,user_100,station_10,15:40.3,49:40.3,9.46,1c2ca2cc113a1d94e780ae7d5648780a442a3ffc83045096b725f0cebc890060,0
bd783ab708bf57920a93b8f43cc06607ea6f91150e992607dafc772c0d31fda3,user_13,station_5,15:40.3,04:40.3,7.92,ab02bf9adb8faf8e60354d0065f24a6d0321720ff9d122c734ab7fcd6d76f526,0
d278e4c9b2eabedf2b3f1568aa77641bcb9ec9107549e0e5479fa69ad965b145,user_11,station_3,15:40.3,19:40.3,43.92221648,15c496cd9ebdef80869964089bcaaee21e5a20a3acf70d6f6a28716a6c22e7b7,1
55fafab532a4c03ba64924d5695345814968ce2c7d86b00ec5c8db721d026b4b,user_5,station_1,15:40.3,02:40.3,26.64,0add8205d13e76449495bbb0d892841d1d67e469e7eea7e34d5143fa9285ed2c,0
302a243bd77a7bd8f9f442997890d77b6847a302461494d17f3f0cad3a6e49cd,user_55,station_11,15:40.3,15:40.3,72.64428551,5e79f6fa9452533b092cf10db18fc53100ab587532a7aa94f2e7d0b9eb12e14e,1
b718e2f7a59450809a134cb71f45d3867d72f53fa0d93b623ab0b24c38b9513e,user_84,station_20,15:40.3,48:40.3,43.83,460ceb08ff837322de9419ca24b75efc047742e106e8c9443e4ee93d2bf4e5b3,0
075d73f38a5de48d89bd2af8cc4e02890c18e915074bead9ae59e138c4d06978,user_45,station_20,15:40.3,41:40.3,14.3,78f842b51a3ca5583e590f5e4104119a11302e1359b6ee7a4ad6d220cdaec2aa,0
1857e45b761598ac3d611b523ec6f8b35e6fa3f5a833877bbe50959398185208,user_54,station_3,15:40.3,12:40.3,20.22089107,9f6bc88cb9dbf427bde4af187fa9b1981851c5c30c3030f81b781addd01a9a5c,1
29b63fcaba39603cfe2feb066b6173061ef2b2c7447f768bf2f8270070c734c7,user_86,station_15,15:40.3,50:40.3,34.83,c9f2e725c278bfe76f44366659602c20db3ff1a27fb01266df45d9230ee74a0f,0
b02e7aee127653d8b5c5aa1ac61a2c4889aef0b54fab49b3c97d7afb635a1f68,user_98,station_16,15:40.3,49:40.3,11.61076823,32eb339bec72bef2be31c570138b2b3a0d356f13a813b8936b4d35efdf58a999,1
431a0fd6ebff64e488fa3a053cf08e5c36c1beb00e33026556e7c08ec390f63f,user_76,station_10,15:40.3,45:40.3,38.07,2d67002df3aaaa964849c798763d3ea3a89b24529e8bde42f645698da37eb764,0
aaf0f60d3d9e8c60b6af469cdbfafd29ce0d17e6de38bbe0f3b9738d250d244e,user_91,station_20,15:40.3,39:40.3,36.27,8123c42cabb6761cac31fb41041dba12e98a5184cecbaf4b4360f16dfcba4568,0
3d452bc9e266368533fd3524db12cd7fe07007d99b73f6384187142918d70a58,user_88,station_17,15:40.3,15:40.3,34.51399773,8a8a01f5b21bc257014ce68d331e607b6da651cd99050639145732a039d92f05,1
fbf630300ef5b0a343857f356d889a6267536970315f34d193cc7109c6dfcf10,user_34,station_9,15:40.3,31:40.3,141.7670581,548324b9a8c5a59a7d0d736a73331124406810b547fe820e84afab247f156f93,1
8270f1fa0b9144e4e5e15c95f1fc8c838af21ad199002ac1ce1b7324ce24f323,user_35,station_11,15:40.3,51:40.3,19.68,ea8538b84f25f88d78f4cb1c4d59bb0d3abf3f352d32bdba3dc4bfee94676c96,0
af28632c8f5578ed2b0ea10bd42c89d1b5d2f31bc8a304e272be734bcba1a30b,user_83,station_16,15:40.3,58:40.3,30.06071923,e1a9bc59468903fa8792dfaff5f65dc38c30c87144ca01d9d4f1f6e244ea509e,1
403b635810841b3feb8a3384781d13a275990029c4c37e75177a8f86aa910cac,user_27,station_14,15:40.3,03:40.3,23.73,21ddf2b6dee3ffba3eca89cb03ae9264521a15875c2795100e787ff884601e49,0
2307ef54df0c34f6b10c77de4d190ae0d33203a03db3d7752c302b20cf5a6d39,user_37,station_3,15:40.3,10:40.3,37.40215378,195834434bceff5a902087c0b35c9ab7b86633214b6808f26d4b8a621e79974b,1
d39729f2f61b7a683b87b20898853f431564e3910fdd0d9e09411300aaaf6146,user_3,station_11,15:40.3,46:40.3,51.11935227,d12f1a97a4deb2f4d4851b61ce65a03a1ebf9deeb8da22fef8b5f2af5ac6ab38,1
6b4841beb9e261629a2afdddcbe4bf7f6752d337029f481b79073b9a843496ae,user_15,station_15,15:40.3,56:40.3,19.66070713,526989dd3ef4d9edfae3b15e3cdbaf164804448e4c510c715dbe04915ea1f123,1
70cab3a5194984e8eef0c28b5551210c43a5740e670c1a1844c256ccc2165f96,user_88,station_13,15:40.3,17:40.3,48.29,f598892f225283187a6dd477b66a77e730b2692a5cd59c3a3b827115e798c410,0
84539b7993362944a25a332e20fce8a94a79fa18406edee2c23813b906c33a09,user_67,station_19,15:40.3,32:40.3,124.3662234,3298c17de05a697e5afb81d274b61193af09aab4865a4dded8feac1ba9d93a7a,1
95d35eefda450815e302a2c8447ef43f8421daaf44a79af84367d4e7fc87ac8a,user_32,station_9,15:40.3,20:40.3,41.3,d39847214ecbb2b1ac3922d7d14234cacf1be1a24ccb61fed51397a1f436149d,0
376cda7fda05fa57ccd61d53fb38cf1eecb23c2c8e24a48f3858c84945ec9ad6,user_95,station_4,15:40.3,57:40.3,63.22940088,a86142ba0c167e83d3129c121ff08bb40766b710c1c0ca2b87aebdc4ee37fe39,1
54fd00026a51a40f0a85926e8503ae4484a9af8da65c4e1391ebedb6a4848c4d,user_85,station_12,15:40.3,00:40.3,33.91,0ce57fbaed357dcf10da1fc49da92fe4c9c85dcf3623edd12bca0a0362b7dbd3,0
cb1446a58836a2613365ca65c0df311e79502939cadd095f5282d9a8c280aadb,user_67,station_10,15:40.3,47:40.3,17.74,8eeddc263f73a4ac2a91cda1de1357708b821633c6e2747b7def6388790a4cc1,0
9681d4ca2ea65a8208b1e2e044476701d6f889a364e95637cb444bbb503883a2,user_98,station_3,15:40.3,52:40.3,32.38,3af558ae47ee13b0a7294d05fd76457adc352f3fab30c77a39a885404bed9ccf,0
cc61f1e549a79b3f1f45b9b2049fb73ae5f00578a49f24efd6b28f1fea10c179,user_88,station_15,15:40.3,52:40.3,11.76,f6e021d5e918ea0343ba8d9828520275c031ebb6c2045cf34d544715aa6227fc,0
1ba7332908b7123743184847bf8ad8de16852b03f996de27744f70ef82781df8,user_39,station_9,15:40.3,08:40.3,98.77618208,031e79920ff3e4ba17d3bfff0e08173142ec8e2e22aeb76a0f37c4416f35ade2,1
30b80533d306fe94af2085287ed69e3d96120f5bd1f5af3f41b48ce361933074,user_41,station_4,15:40.3,11:40.3,57.76816135,76e6777de34036c7662e39ced45894f2e42e23e3404fb8491abbaf7ef1ad9577,1
f41064371816a18d9fed0c7a2325563a76512eedb9c4b406741ea802cb0d57b0,user_23,station_13,15:40.3,08:40.3,37.65,9d1a316e8d4018ad8ea2d5e8aaf9d2f85df1a51dfb8178e7a1827f5068bd4d7c,0
1f2c0ef39cba89b1f9c30d887fff0f501ad19d4bd0ebefd776146391cf141f50,user_32,station_9,15:40.3,45:40.3,25.56,a451a1bff7412baeff75c7c8246efddd7465532dd5b4db629ad54704f512c395,0
11cd58b14168a471cee56e8ba38bc740a24d923e79a945396a30368e41596984,user_77,station_13,15:40.3,38:40.3,83.18049606,f79ef2453283fb3654b2a9f162092a12f242adf000ea243cab81dd61de911222,1
4173e00948e501e4832cc413387927fdee20aa5107f78bb620c76fef04eeb1bc,user_85,station_19,15:40.3,10:40.3,48.44,9c59e34b5e490f1fb4ce364cffab43f11a6a8568d1ccc58fb02583fde6d42f58,0
b3b55154329438db0e7cbec4663abd9c389a8c5017c92628769da39491c40ca6,user_10,station_16,15:40.3,42:40.3,22.74642237,8162f386124fd6d9bc334763a0983f0a923d8c6f13161cb081e16a8e350222bb,1
564805f9ce2a6db7b4c3daa332612f25de8d71160270f5791416bb1879d27fc6,user_57,station_1,15:40.3,37:40.3,89.06480677,f857098f9a15b217a77514f71bbdf25243f93c02807cbe111970f86b68490ca5,1
901c6bc19a374bb0f6aa07ba7d0fda90662554eed0f3be7ef138bb635ef3f77c,user_72,station_1,15:40.3,53:40.3,31.12,7e981d8c2ba96c0d10e60b0e69f09439bef9d253b65c7dbbc8ca74352da5f1e8,0
9b7e235b7def0417889d322a883ac700efe37dbace059b64433ee90e38f3b12a,user_71,station_20,15:40.3,51:40.3,107.1334599,14ff5d400223d6693cbbc60c70aa566136c603ba1b55817022171025db296329,1
68e0236fd733db26d7917d8524b816bfef4965af60698e470faeb85c97787562,user_90,station_8,15:40.3,53:40.3,41.13,21026983a74f2dd39957c05522365f8937b707686671c34ceac9054c8428b952,0
4d67e1730a09dc26ebd6712e295c6db89e766f02b557885b6e376e35f73d5cb0,user_27,station_3,15:40.3,35:40.3,84.32112764,98b9b8b8b7d2d6dac8455f9e83f8256fdca8a49e24b5713a82c2c6e9a1185253,1
2eb20f6ae821b463201d55054ba0351261a9c59cbe37f7ca57b8c929d24c7eab,user_34,station_16,15:40.3,53:40.3,52.88789149,e93b09b198a5f9f7f8489aa81594e3f63993ea76f4d2a3d8bfb95e28cc8287ad,1
7b66293eb11dfb04114a21748dabb395f96e2755aec6bdb3d57c7f4fbba05326,user_54,station_3,15:40.3,07:40.3,79.47879717,dd08018b1bc56d349e64df2bde1d530a7cbb0b93389011ca9de1e32cc19a6ec0,1
803684e2fe91d8c1978d3730f8e2dcc4193d7514e9f42b4f6e24cfde7b70d2cf,user_30,station_6,15:40.3,06:40.3,5.15,e9722049943ae4a574937137c7215636f8f608b4088b7e852dc17245dd66de22,0
15002ae23716502d8d5c67adb621d522ac4a5e80025cba1669bd1213ece69281,user_40,station_3,15:40.3,46:40.3,47.71,3e6be1e2be3ab47c6b138e836f578e305a4674eeb230faf638ea9116564cff0d,0
3993d76e081eed1abda8854ac57d6d52872daaa57211edf55b3045fd555ae8a9,user_84,station_20,15:40.3,35:40.3,37.56,8d926909c5a628c605f420bd48752402c82c7095ebaf5b56a86fc53c859e6a83,0
2edb084072122b09c600394cf9f7066507cd4678d851ef0bf874e8a78ec8a9cc,user_39,station_13,15:40.3,05:40.3,23.85,dba0d4d3531fa3c943886bf2b6d5ba37ecaca49bf123e432e6450b8b78eb851c,0
8ed2db9f78925a3d992165fcfc2cdc154087c93abaaf18c6198441b7c2971a2f,user_7,station_1,15:40.3,15:40.3,22.24,a3d2f52c670cc2513fba3ed53ff6a5d40e1a94343b82c45ba9d5ca06a6eeea00,0
e04d4414b79f33f10defdc210188fcd0373b92f83390f24c7e93718fc839bd33,user_64,station_7,15:40.3,30:40.3,49.87,d0a7b0732465b13f320c437c5572cbf2db718288a172c4f36f09aeaa8d7c9072,0
6778e85b3ab342c417f225025082dd84e962eda680cfee704610b4be0bc519a1,user_82,station_11,15:40.3,01:40.3,60.43390662,fc09af57d33bd3cc7b8e711f4d44007d3d309fcee8a8d1981948fb880eda0eb0,1
4fcd214a7bae7bda768cb779ef70501224aa65fbe2d2500e165a4da2e8f0070a,user_89,station_15,15:40.3,07:40.3,29.03,7af3d10ea38e258a69cb88c7ddf67adc3a58c1a6022a82d939f54cac2bc836f4,0
1c8f057ead5939a56f3938eb196adb268943e59cbd9f93879deee0dcedce125b,user_97,station_7,15:40.3,06:40.3,98.36535328,b8ac3ae6a56a4833b0c8702d6f42d7131e199e3c6d0a7013d96608aef5024f4c,1
050be65dcf9e4ab625f75353379cc3775405b614df644d5ecde7e915933d99eb,user_64,station_13,15:40.3,50:40.3,41.15719591,baa78ebf18ab568c55f04e83117abf137520e23982d95f9b8c9ca832d8bee448,1
9eeb4b0863f1745258a057cfd4aad147f529b603b138c90f7fb40dd12078253d,user_83,station_9,15:40.3,33:40.3,26.45,432e9314cff8a3cdc7a1d72e7b2f3d1d7d69b9ee418ed8938bab6e32450ab3fd,0
33461857451defe38a19500e75f6fa51ae9097c4213201b9f4f062ce37078017,user_17,station_1,15:40.3,28:40.3,67.49764171,7010ba6841f8563ebffbccfff95dc0b9453c54beb1a472e9c888918540f58fdf,1
27951ad0acbec1f2dcbe1c6b46524bc76d805fd8a6daf6ed561b8568d997acf5,user_96,station_11,15:40.3,05:40.3,40.07,4beb118cf3237d96e5e5d87e17a747d911ee1886027d2b5f26034c4770c3e7a8,0
b0827cda593905773ddbce1ccba28bdfd153a83bea59f16864670ded91f5f9ed,user_27,station_1,15:40.3,08:40.3,117.7033624,ca258cc749799cdc464353e0ce3301d42eae79617b8fceeb13f4f1511ed265c5,1
6c023794839faa60979fc800a136f473b219800b730ee0ca554fd7e195828b2b,user_95,station_6,15:40.3,30:40.3,10,43d82c7a38084e36d9393e8c77a42d18e30169bc489c0bca88e283d964d3f8ec,0
e714e47bbce18d46e0f334595dc32a9f96a4891c75b3147acc4a24314d481301,user_90,station_2,15:40.3,06:40.3,43.87442181,c3edc90361b9a60c5c58a5876928fcd356cc5fd10fb0d980649873ed2ef5e7ed,1
35716e7eea547a2da988b27e04234e63f2261939d14bd229bd198e14e53efe66,user_1,station_10,15:40.3,40:40.3,41.43760068,ce747f1916e406571d0f1a5a79b233202bb55687ffab2c3695f9e3e82cba7d82,1
3f53612c7530f4fd8d39232a27e85bc379b1ede8116bfa2135c3f552b9a14e80,user_100,station_12,15:40.3,54:40.3,15.4,7f119f9e1a819176b1bc18be053b30c7509784aa892fbe1846f78d4aac72abeb,0
f91e7984f9317a4efc45fe57bb5418d0d50d12723085039fccc31c358784ee54,user_99,station_16,15:40.3,16:40.3,31.24,37377fcc843411d12874ed970a5296980254c2905f97d7e77af266558a8c8de3,0
da719f8d66ad173c3fbde31405ee083eda2557716c1c8ecd4d555227567b413e,user_38,station_16,15:40.3,32:40.3,39.67,1137a4d2d987f2632d0a63a23e63f1f4418124174cae7de5e3e5b6efd88c3674,0
430a08cd02909f87974e1ed9a307dbbe3e0ae7e7e6b1cada7f14d2c05ac8ed2c,user_12,station_4,15:40.3,43:40.3,38.40234834,908dabffc25f41a46ec3f5e4755114c1c365aecbf1514ce0fccdd623182a86a6,1
736b857944fd91041aecb1bc31c2a797fc83928722d58ef46ca8128e59ad9c0f,user_37,station_12,15:40.3,59:40.3,31.59007454,ccdace2c5b73b06c7d213a12cba5823176328a43b5b7542b382484d2833f5420,1
dfe4c4442abd7b7de011110ebbed227bbc20f35bdffc23914524981e39d82215,user_99,station_3,15:40.3,34:40.3,28.53646179,084bd0e6803022ba2ac0869ee0bd1e763fda8b242a45e112effe8aca5f225811,1
0fc31c6e1b606d7148f6872388c5229cd39da38a1463f0c5ec4ee2a1b467162e,user_24,station_20,15:40.3,17:40.3,107.8297064,10812ac76b74030488ab57fb5b242f07d6b1bf9fe1b70b02be9553a145e93db7,1
9939f656e2fc096c04fab03e380e521b9d51697beef1c1ebea060168b59ebe8d,user_54,station_10,15:40.3,53:40.3,85.88794236,955d998b6dfbd448d711e9068fef925e25999636b91bc6ac5cac00e7c32b0cf5,1
d8b28e7d17443ceffda908db856102f2b20a92e17d23f662baf393ed8278dc44,user_59,station_6,15:40.3,28:40.3,96.87947581,a7a613303c1382122f1b15831b871a06fd1f907e937a83810f409394756ace79,1
4123f2b6ce1e9996b2d72e8fd7438e0b331a479f9affb0f8af9a7f8d10e4026c,user_19,station_8,15:40.3,18:40.3,25.71417794,c96541a689bcfdcc57f2c7505df4ee187435c5a6cc559c755f521a10271d4ed0,1
b3bcb4bda4277c4abdc19ad74745c4fc0b80c5ac3ef3801e6466c5182c1081fe,user_96,station_15,15:40.3,25:40.3,47.97,22604344bbc36f6d775e063bb3adbbb2f4052cfe38478e1a955683352dd75fb6,0
386e135b52619bbf8cb63f14005853a989e91528f98aea5b857b3e3d8f9bfceb,user_53,station_16,15:40.3,31:40.3,29.30535423,c284e58c7646cf81904c38812f013b91de7fb28ccf33b1ec2fa64c625e5c3fa0,1
6769309b6f8dac14733537c2d7ab182c4fc18b72b087eb5e3c7e0b4e765a7bb4,user_50,station_8,15:40.3,11:40.3,29.79,abb34c5929390e33cb69a81d0e22a3ab6955e2e5ef9ef4ea6a613f57f3ce2fe2,0
d1971fe3c7855384d1c20809b5693aa28c20889cfe61453abce629f8bc82b98e,user_9,station_14,15:40.3,28:40.3,49.87444082,18c2365c1ed8d8c61a2da4c1631e7fd5666bc6d3341d06f3eeb9f5bc625352e5,1
fe5871d919c7026801f7610030a755c9a6dda4a2923c37a67669c81ed9ebaae8,user_69,station_1,15:40.3,27:40.3,22.01,1400ec5542a82b6b75b00f657fbb070b22b7134d88d2a68122004652f4f1bebc,0
13fab68b2749e0b329b50394176f1b6a090d013cf89ef468219d1dd1af5c9b38,user_5,station_6,15:40.3,47:40.3,61.44916305,81252ac5e6fc9733677eef38a3fb9714dfeae862e05217a716c31e712a253960,1
257a65d1412bc53446daa79c742760dffac90b32738aa672fab6cce1e0ccc918,user_28,station_12,15:40.3,41:40.3,70.45066985,03535268e667a6c8338e9547fa1ce9d68dc33eb19449e7d02bf6da5057f5eec5,1
ed6a4c6a8a046839bf0d669284321f5b40f4326d8357e96b33c629c1441ddc37,user_61,station_16,15:40.3,42:40.3,74.70770834,0d88fec2a3f43685420f2748a580a3615dc6e4ab19678c5c43c52c5145e49120,1
5550de732e24930bd3ba39353d664cf7b3e2dee6702e095474ad655fb5b7848d,user_16,station_13,15:40.3,11:40.3,123.8302855,24ba2fb77f41cb261c5522d83379b3b78ae1fd74a3fae3d53b07696183e3da7a,1
2ae316628f901c7d03d6fdf0863bcb1ba74b6c606791508caaa772a705029fe6,user_87,station_1,15:40.3,52:40.3,22.98795364,83e76ecf8d46e0eb9f8c40bdf6e7efa88dafa613c016e64489498d0554cfca85,1
58c59df07b3cb8c20a13da7738d705b7e5ce78fead87b0e682eda1493c327ef3,user_80,station_20,15:40.3,48:40.3,28.8,ba5c4aef8647e8dea10439bd008cebb922a187377edaf1234d14d795c307dd2f,0
0c29f6aec664d900799bf926f5c1af2026c4a038b848b238e7f1fcc11222385e,user_43,station_5,15:40.3,57:40.3,30.56,52b97946f499a7db179e07563d932685dc79ee0fc9a6d8179aa916039296aa68,0
128c47dc622684d063b3abad4fadf47a97c117f72b7a961af187ad8444762758,user_36,station_11,15:40.3,09:40.3,24.42102468,7fa7d9a623e988e9044c9d410fe4c37071c7481136287c66fddfce476d654195,1
e1c7d7ca8d0174fce659e31474bb2c4edda9627b0c3aa412074b1cd83c63e546,user_36,station_20,15:40.3,22:40.3,9.158463823,ada6bcad0dec9bc549224de81b0add5e73834e49644e01b05f84fb1baaa7e037,1
906f77ec167cb7b1fc1a50e527af20446c32097c8ad7200c4c29710e91406286,user_84,station_13,15:40.3,58:40.3,66.16284952,337db61f3021c0fe1035750da63d3741ee105b9eb6185927ed150414e21694f8,1
869f3f859a29cd5bd627aac7954a206275a551f679e93783d0817709be62f88f,user_84,station_17,15:40.3,47:40.3,15.49,0fddbda72c626dd0e53f420f9e960cbe424602e3040c46c9709c1dbfecc78831,0
d6007527719be10cba9c0f220a6c545e5e87a153952cba55072c734e30dd8969,user_62,station_4,15:40.3,09:40.3,48.44879861,7caed94de62e96f0b7814ce6c390a6743b11ba0af8775027fdaa5cb81da00b1e,1
bfab293721064aef47567770834e78879606d61d9ee8d16d47ea6fc0fb5bc981,user_31,station_12,15:40.3,06:40.3,37.63,2490dca43a5ec8f9e6aac1995dabaf673a84a2411e258650d745c149fc7d4533,0
5861bce4469d413308bbfd18a8be24055ba241a3430f5aab49d172c75d73fa17,user_19,station_10,15:40.3,11:40.3,44.69,a205174fccc65a95b9630afd3770d85665e393305e55ef0e73463abc1fb3241d,0
e1c5ba28b07615b8047a1e084b7fd282e0d44c1b9d45ce957cd8e6ff88d2a67c,user_97,station_5,15:40.3,37:40.3,120.383374,c25de054b4642ea081f1c7113e022501beeec6b9278727ca1f3a2a6378b5bccb,1
dad3190588b026c917237b28a6c251e86f0e63de8c113bdb2700b7a1fc6999ed,user_81,station_14,15:40.3,55:40.3,45.51,f4e6e4cc0321f5fb9fb379aa8ceacaf4839d1b968bc5c4bebfd70947ebf0380e,0
eb4006020f1887c5538f28e3930aed6dff49e3691ad03f3cb8c8f0302ef8be21,user_79,station_4,15:40.3,04:40.3,12.17,bcc42224fe5e40fe40f14b15d6e6c8a863edb4704e8b00d10632ec7725d4c85b,0
74565ffd5257e2072fb1e62018f6afd2fb9d9a202241ae22571538b1e94027b2,user_84,station_3,15:40.3,12:40.3,47.11,06c2f156e1c5d98408a2dd00631aff83e74a7c4e36ea26a7d320362942af612a,0
bcaa7aafd926af3cfbf104039c07b53753273ad5cce216ecd784adf23f98f727,user_75,station_16,15:40.3,47:40.3,96.39011188,2cf45cf81a3be8bfe4988dcd04e19b43159fe6f9ce8fa432532205e59541936e,1
bbe3628931dd21353e85d9cfeb8585601851214abbb34b765d1b751c96276236,user_49,station_6,15:40.3,47:40.3,54.6143421,0daae1c921db3983c4717f012b9702837103b5cf0ec888aedec9325152f9ee07,1
702d34fdf2ab6d3b20875966d4f7fb75f37c70c88f5ad7767fc06f04bb75ef3c,user_73,station_3,15:40.3,14:40.3,48.75284422,26c1ed939903fe80a4156b97b473ac9d6254c9d5f889adeb30f7e5188fd43aa3,1
417a83ce7df0e9edddfde6cf63983783342ce04c119cef332aa3999d1d97aebe,user_29,station_2,15:40.3,57:40.3,15.4309662,124806317c0c3bd910d0546ff56ea0829dfbe7c4d19393b0c5ecef86f04db846,1
55117504b83640d46e46c33ca1776c9c2b46d51d5badd046ed35c9053db2dd6f,user_40,station_20,15:40.3,13:40.3,80.99910658,f12b631916131247e1802e848dde446f23f42de1bc9e04d234aab20860493e89,1
911101583a60ca099f50442b8fabe1c0b63ae506ad744ac89957c337f94b70fe,user_60,station_6,15:40.3,12:40.3,27.17,07418d5da44d2ad2bfbe4ae98e39392a0be431ea81ccc21f78a51d93bac3c30e,0
aa196df385ececc06a4fbe5d55daff16e006a44340b2e6a3d10090eee35efd81,user_10,station_6,15:40.3,54:40.3,37.38576062,bc76eb86dde7d885652fcedc614baa48d584f74f3ad818e7673cc9654a7f3ef7,1
c201e7dc6d6b591e104a1ca32e6f9c15753843a63db7280b497a2e9253926328,user_35,station_6,15:40.3,19:40.3,39.4857977,095b289fdb778c178084da131d7fc28566d11ecbca6510420771870c5d96088e,1
e374c33a4714afa8b8ba26c2be004b1151579505e6565d1132350919990e1102,user_46,station_16,15:40.3,41:40.3,10.75,422aac5a2cb1a2424c0016482423124cc57abe981a9f251f490eefdfaa5807a6,0
f36107d5a939650862af3764e6e60111f31e043ba66d4ff80c8c8b520e350394,user_51,station_5,15:40.3,51:40.3,34.71056271,382a0899d4010ffa0cdc6b8f199a6839cda4c6d429e384e786e2beb9539790bf,1
5cb92d22d7d19ad2cf3f575aca11c6cbef71ff45fc6cab85cc58930c96de176e,user_25,station_19,15:40.3,01:40.3,42.13072408,1016b1f153edddb24f834954c2915732d6507c14033dc4fbdd48803c6ce51db7,1
ec422bddeb3bbb4f684760d5ac75fdc9a6b4e23044ff6f4b961643412349d579,user_12,station_19,15:40.3,50:40.3,34.82841726,0d63fa4e2bc82c7b2c321319ce864d539571ba7e7ab6cb838b35589ed14e2ddd,1
ffe74716430d482d1d6ef054564dea08e9d3515f7ae1d07b48a39df9e52ccd72,user_8,station_13,15:40.3,25:40.3,42.20860414,397e71b25b339e434f0d5e322c42f6878cf4ea14f3e3342379adbc6eca8bca39,1
8a33cc3305c0dcb7f837f6c4182c4a856f80df9ab2e83fab5ab6ef33ac0a45bd,user_92,station_9,15:40.3,14:40.3,103.4830397,2acffb742ec791af03de0445a29741fbfdc9254ee6750c0dedef784500aed116,1
4cca8891b79687a85fac0f09aca1fab0364c5a9a850afa5b20924b26e596032a,user_24,station_15,15:40.3,04:40.3,55.70195772,8e104dd24ad120dfdc5b100e2bf1bbc04f8522792a49883e79634823a7c1350a,1
d182aa81dd3feff9dcf35db3ac28a7e71473999972ae4faa444116649fc7bdcb,user_38,station_3,15:40.3,08:40.3,18.08,ec0d470857b49d0c2c408418d1b2b7c442ac63b30b5adafd9e8b9007839aa869,0
fd9c981b6b0965fa87f7e847ac7f274e5db1bff0add1caf2af7df03c477d07a7,user_76,station_15,15:40.3,56:40.3,52.21175134,e5f0ba6e9b69f706a643540ffa3d097d546bfa4f25f12dd0b9ada698d8079f11,1
c79042d2ca0b4e783c14d763f7bf12e17bd4f6a608427f9c26d4bdc52f668826,user_45,station_18,15:40.3,19:40.3,49.95,e8ba75a91267e3e4ee5ded963391b1e912f5caa1b4991891da745f176044bdde,0
96c109c6777a01586f50504635a86a8105f45351d1846126eed20e7aa025aac3,user_71,station_7,15:40.3,57:40.3,9.87,5eaa2df9e9f71de1ca5a60584b9f37045d6dbfeadabb449311cb4b53fcdf1a21,0
2db8964d674c2fef014fe242c5804a7081b5a6ee00c0858df7a5980c8b173786,user_32,station_18,15:40.3,05:40.3,113.4162848,3cbb71cd67d47d15c7188a146f426147f60da5a3aef6ff3ded9eeee176f68642,1
dce2f6b153e6fe54e9103a2a7350e750a5cc3723fecdd4964926fe5db086e6fb,user_84,station_14,15:40.3,47:40.3,16.37,48aa669268a85e38047a3fb0673e8b988391fb21df9c8aae3f48fea1a9483215,0
68b07ce9e6288a6670df3fe580d3ce017fd2c659384a46b3b750b1e175e358b9,user_3,station_15,15:40.3,39:40.3,128.9769799,d7da699514eca0cc33f1a3c620ab27bf569fa21484d7c99c4b080f1529a5ecab,1
e36083504ed265467c72233a345df1952e5d29edf6d888b5dfcbf1baacb57925,user_14,station_19,15:40.3,36:40.3,41.51,ce95c3c9722766111104b6a0698cdfa627da00745b742cec9aabc49196542ab7,0
8764f7b9f71cc3ea37c2d20e44188d8371c72cfed6f7f05973d28402e905f788,user_80,station_14,15:40.3,13:40.3,64.09577206,fc6f8abde525efa2fffc05cdcf99aac31188716a82c530c4ba2e0df46d73807c,1
687a7fe5e91c826a1ec56b9da7d9287eecdff62b0f78d1f98c3ddef1dabff76a,user_50,station_10,15:40.3,03:40.3,21.05,49962233b0a4e3397e048b65d74eb2a5b4c06b416fd29dbb019f3731731b28b3,0
e2ffce834343f88372b4fb7b3c5520ed268887a7dbdcbc80ace1ddfac3e4e62e,user_31,station_15,15:40.3,57:40.3,26.8,e0e65d26eabd97b1381d72a7ff7e9908664a932a5e52dd8659ca0562104cfefd,0
223c0cbed60276f444cc790a9db7f71166ffd522908958a531692ba1f6a03e1e,user_67,station_10,15:40.3,08:40.3,8.37,020a116f327994e376e7e61afde556c11fbc8125767ec4fd12b1724555c70849,0
20fd4957c1ef3511479997535a5d9fa818177ee7346c37687dbe09fd5b45c407,user_7,station_7,15:40.3,48:40.3,13.46,ecedb6a5ccb0185879608f564565a068e1471f097c48deee1dc15ed7538c0c31,0
6fdc3e70068d6977ed2d84fae39a40b4089a2d570c0dfc79b62bb1d58924249e,user_68,station_1,15:40.3,59:40.3,42.13,95ab36d12584d1e57481973e7de5cd9790ac7437f98c931f893d8ff9def5c0e5,0
b05d88ab8b2b4c3eb64e4c68f43f7691e1ad6bea9846d12c377250682694f3c0,user_49,station_3,15:40.3,57:40.3,39.1675597,8a369983f2c5b42787a7a4381bcb11bed5a5340f0c8078426b63cf353a43f755,1
e4c5ec3f773ba709d2b2947b382ff544d9beebf9f1c18f228de61431bbd781a7,user_48,station_6,15:40.3,50:40.3,27.41,2184b3d724cb2be563a6b6c889eea0c4957c93346f77a28bda00ca2321ca31f7,0
7ecf7058fd7e22b3eb7d69b89398fcba987f2f2b5e56b2c91edcd5241e2d1532,user_15,station_3,15:40.3,35:40.3,39.12,1be019fa7d5a1c3483ec0e81bad4eef8eaf296701fd0472c38db39e0ee576f63,0
c065bdfb81661e34f1930124acf125183377d6772d2ca32b8c87e4a1dcd16ef1,user_15,station_4,15:40.3,31:40.3,42.68,18ba1a0f2bbdd8c63b329016c84c4e6997545f9ea47f3be1972f3b50bb2b01e3,0
64ee0890cc746194827ac81c7c77015335221089ad0a5e783ec6c45f049208a3,user_92,station_2,15:40.3,34:40.3,36.29976336,cb3633c6e878dc9fed8e956240e31d89220429240df4572120912deb06f87e84,1
fcca6ab8d7e6a2291310c5e68ef2c957e4b42f466b7724011ded71183f24ca72,user_40,station_4,15:40.3,55:40.3,19.64,b642b5d32bca39d2bcbd6bc41888663007a087f44d541c72afc4bc5c7a8cea80,0
24365a2df477a6a2d96efee894097ea0c34a2b8aa6a277e5d2f603239c5aade2,user_4,station_18,15:40.3,52:40.3,43.3,ea84230688d455b956099e636880fae928dc84613945baed95f1da4e56cce448,0
f0b220f007ec4f8e7f73aef58806421bcf74986e10ab189b3c2b6886af0e2edf,user_37,station_3,15:40.3,55:40.3,5.76,b2a720a19438b117b7d54ea31effd9a9bb7548c1f6761eea195c4b85c80ad7cc,0
b3b548ea827410c1efaa10d3a4afb3004f2c80567be7f8e5b9653a53606c37b3,user_21,station_7,15:40.3,11:40.3,16.6,0ef6d0e06e7fd38a6c41acb5cb5a6069d465ad756fa84ccf54fe2d1d8739168d,0
1ec9a09e8b27f6e727e78bc35c173adb5ddfa465f5cd8f96a03ba3744b71cd79,user_63,station_6,15:40.3,19:40.3,73.07981467,dbad5873adb2b5373da9bb95cc88d54257818581a945de3d9e66dae5da98a76d,1
2a82bf521b7cfaa153694cb76529ccba540d17691b72d6b232e136d14ff07820,user_60,station_18,15:40.3,05:40.3,19.9,8594d58004bdebf07ddbd329f0dd2354fba9ca14d76df472121f5ffb9c68c13d,0
1982056078f0c29ccbaaa6e333189728d600fa521b10b63ca52660d59e9685eb,user_17,station_11,15:40.3,58:40.3,37.03,af60a0bc95ccc012f0f1e1f0782bb64bcfd524c6351aa669894e2d025cf7d166,0
7976215d96a978647ef75b41ce05f49bf3ea3c47923b5632435bc4722492e1ef,user_40,station_17,15:40.3,57:40.3,12.96,b0a6a95d41ba000abe268cf72c90718422204a34803ae8151e9b30e030150683,0
1ba92862086736f5ae3a3b657d65827459fd524b72f18082de8c73309de7a81a,user_41,station_6,15:40.3,01:40.3,30.30476433,bb38b600cafdf38c791738017c988c68e18de45084fc4d872bc910c3bdb3f12f,1
0a22c32b8d51281d39d32bf704817b3d2619bbb4d6a6c237b1bed9f7471186bb,user_84,station_6,15:40.3,05:40.3,20.02,0264150f86982a777a00f7b6dfc1951ef4410633eb236867ee04fb4a1cf70046,0
9bfc868630ca542ee3ae8947e617b489b5231c21572c43e11d31f91546c5948c,user_70,station_7,15:40.3,48:40.3,24.64277793,dde44c895c4bd7e04bb25cdff19bf4e682a0700fca0ca69b22633c728c9cda1f,1
1a5d5a48555e728ca2b6f48e09cdbded0c74a88e7c181b5655961c4656f31643,user_95,station_18,15:40.3,10:40.3,8.98,92191c07d03469ed4efaa8c8d25de68bb5d34f828d86c24fb152e2bb96a8b75e,0
ae2b569e97aa8df0b8f307ee6c3568a2ab82f912f3348affe7111dcb53a27bf9,user_87,station_14,15:40.3,13:40.3,35,877c522aa62ec49b45881c692d71505b9cf9f7815ec2e3e4906a1070e8e86f39,0
978e98a6f027098c69e87edc6b2c97abd6aeb9adc800d5cdec9f1d98bad3b5ee,user_93,station_15,15:40.3,17:40.3,59.93209972,e4614ecabab37d71e996eccd681e3fbdfc0f6b90e9c57b53211a86aa8a425dc6,1
9652bf2baf0409aad7e90dfdd7ceb9786eca05e5de2c024348e977e411d53a9f,user_16,station_16,15:40.3,41:40.3,40.95759399,7e014e13b7924f5ba4d503319b408988e2bf807c049db1af213d8f1c14747c00,1
69ea4b342f8f30c303d1497b680799af47f0edfbbec66cf64a437737e10a2b73,user_26,station_3,15:40.3,22:40.3,104.6800749,21238ad70445f4e61b41d5610dac6885842061e47e6eec596b7c5fbb81c9f648,1
9624833b4748e8e02c87ac4529e34e7ab87f049990702b38e4ceba1dfb75bfa6,user_33,station_13,15:40.3,00:40.3,11.37,fefc57ee4947855719530d7aa9f96ccebe63a188686df133af75ad85fe8b6e04,0
9fd9d3a3cd2b39ec361aa442c816849928276b1d4ff3c11d7f350ddba6768a91,user_66,station_13,15:40.3,13:40.3,18.05448477,6283098c878de173c58849318d3c437673dd2e065ee2e0f830bcdf1c3d7e479c,1
f68c95c3bf6fb1b1d0a9b0bf6e1caa59f08f2bab65e44d82091a171a8d9d7dce,user_99,station_8,15:40.3,06:40.3,87.84619259,a6f3de92e7134be8de5266a53dbb3e862898a28b9caf34555b6b780709ecbbda,1
c2d23ce932792dc418cb057a7f7076764065a892da19e18462906a4e533d0cc2,user_14,station_10,15:40.3,55:40.3,45.52,31fbaebcf39cc155ca2023aba32d9f79358ac7771922d14110d184ddceec1e3e,0
ae3919008057fa3ff54ed60eb01be75361b853032de4a1d06bc72d8ee1af4749,user_65,station_5,15:40.3,58:40.3,62.32290516,573542b0c8f09dedc061ea338771139f2241dbdf73a6d4e6f3ee62154c47846b,1
364ae084dd346a01549d431647451e2190eb6f3d93cd177461e2f2b92924f444,user_2,station_18,15:40.3,24:40.3,6.87,85dfe6008917a3606432287a1bffea8400d61cf5b5bbcc9a4e52d68f5da86197,0
d5c2e6028077a5c2c12142a3b8dfdfdd12dfe4af69458430181a7183ce113adc,user_11,station_19,15:40.3,50:40.3,18.49,a48c880aede4f6377c8c2bde04cd003e4ca9aea71fe61220f075b5caf33ad9a5,0
69914ed90580ad55f7d01b5bc59137f05dde305f03d65b727de19d77bea8d2c4,user_46,station_19,15:40.3,35:40.3,47.49,e514903686ed16916a88482c8603e49d66904a383db09f134056836e203e8884,0
96f88fb403acd2659973e54022e43b2d6bd2c8f12091a637b1da826c1f1e4468,user_28,station_9,15:40.3,34:40.3,48.86295609,70d870b0fe07f746872d6d4d4b87167bb71c557fefaeadbbdc3d55fabf1df330,1
6923f771f79c5e5142dac2704170fc8a1ffc4729fd9dd92fea815296a23f4a73,user_36,station_2,15:40.3,49:40.3,26.11852119,1e1f9bfb2bbb9edd52d91c2f45c7dcd9700a8d723c8e1297ae96d65e6a2b5839,1
3afa5ec11285ab2a752538ec679c956f3cf46bec1201bcfd7216aa3bf7360860,user_16,station_7,15:40.3,32:40.3,44.55424579,7baa2446c91f827a131882a5baf755e09e8065ec826721fb5205e97f7bf6aad3,1
33b7e6f8215731d186a8c279e8c3e98441e1989cc50b4ca243ddeeb420374f53,user_29,station_17,15:40.3,10:40.3,26.67,1ff151b7da2a600a8f350d35044adeeb57e90fdc417715b676cbd67d7326b976,0
0c43b8c1fc836cdd3abd623dc4ba4b3c8d4b0713a4e15bbd855a4fa505ba186e,user_27,station_20,15:40.3,33:40.3,36.28316779,4c04bf2e3d36afb2039b0f1c5caf29752e810e186faff3d5498e7f5805d70112,1
3d9e7ee674db0c94e4b159c50b53187d7e3f54bd0021e4f9dc564d71409fa20f,user_43,station_18,15:40.3,48:40.3,96.16086354,aad1750a67ed3ea0a36caed6e3adc16145a996c97bf316f3026eb8ff83cd156a,1
106fa1e9aae7c7daa9ee5d5d9a2a96baff7269a5c8696b4a62fc17b561c83d78,user_24,station_9,15:40.3,06:40.3,14.98,2a0a6a0126ad0a7c767c6a2bd8c4bd8ee65004ac54e838ce19e1cb0a2507954e,0
ba3d77e82b9478aca48fd2c2d425f2ea68823967a0a54d9a1ee2a240a3b4f29a,user_52,station_6,15:40.3,39:40.3,49.21,f647a921ab31b27bf2d09735830d0c705ac752ba66df054e0fca19738763a700,0
f512f365d5c321f6bd6d9823476a38d5dee3cece656cfa3c44ab4e51ad255445,user_1,station_1,15:40.3,14:40.3,19.06,738e703338ed6f17f78566f78cdfeadd4b29daa4412b359d37077ad15d357542,0
ad1e38371e0d55b510926805b9fbb21ea879e9ce8640d1f43bddd9587d939555,user_96,station_15,15:40.3,09:40.3,50.62489369,eaceda601f1b7146c11684643223b2706ab96ac1ffb353fce5289517a0ccdea6,1
07b921466f8867c1190aceebd6b6a4da103f091de6c339682b67890d86cb8d43,user_16,station_8,15:40.3,45:40.3,39.45,3bb8b3634d225fe50ba8d9c86f2cf94ea8b74963d93bf1ed7063d734d43ad749,0
63b2a0f9969ad3c8d07a8f7f3c7bb69b1f770a6a3a4c25a121345b86dbc463c6,user_53,station_5,15:40.3,51:40.3,16.55,ed7f83acaaeefd67dc9ebb255152f5e909b5ecb17d92704c18d995fa90248072,0
8d46de06583691d22f1af001431fd83d3e99f03e8eff8c37438f05702a52c885,user_57,station_16,15:40.3,23:40.3,83.44284694,0239815522144e3f29080f9927814e6ef29ee1159c3cde9b2ba05b8fd3932fe9,1
e7f4bbd07b7edc50ff91a89f0442ef787fd9b0c392c441add4fee6a3af714b03,user_65,station_3,15:40.3,03:40.3,25.31,2fb39c62ed8ebb76f6e67a4efc055a93296465d2f313849280a7ff11b0d2a145,0
85302c62dff44985495ceb3edf81bb2334ddce1c2e9587d582fc7427bfd604c7,user_42,station_11,15:40.3,54:40.3,46.35,e3e054aefc011564fed36249d0d5a931315fb2819fde2d1629ca93df9abb751a,0
5330bc33e36d0b19fe46474f18f4c77933baca1572c417f8b909cb83309d9b43,user_68,station_15,15:40.3,52:40.3,21.13853423,b88f0d2753a2dd68fe9b337ba2d41ff997a3a15ee1a42be43ec8308cdfc62db5,1
d2ab53387a12b05abf1e9c97dea6a7c9d185987176a0cc58787cfe134af77736,user_51,station_16,15:40.3,47:40.3,36.47,55fe643018ce9b5f0e1a2a3d03f2ed37b33fb8e4a00fa8d4000b4cf56a1bae70,0
96a2a76c7e2514ece72af4ed89808f7e7b6a173c69e090c0cdb270b6465af084,user_24,station_3,15:40.3,55:40.3,16.93,d21e97a162f5b757c9df5a581f2c7e09ce6355aabe4315fe41bc6997f26bb492,0
bf9562e7ecc1ea8066fb70ec1aac267ea555b17c41ac8cf8239c5751f0cfc017,user_51,station_8,15:40.3,21:40.3,40.03,015c80df2cbea63e2078e143732bc927fb9de7825a3a3a41f7c3610fac2327aa,0
25d27d38800a51a7fc57eb851015a5f1a7dea3dbef20283522552886c820d60b,user_47,station_5,15:40.3,56:40.3,85.54178097,cb93ac01312dd793e0f46f802dc054c53904df27a08e18ce7621c3f67480ebd9,1
5e98ca178f03041468b8e1dd7747bbabb6d395bd95e48f09d8e1977edd1d9c9c,user_71,station_16,15:40.3,52:40.3,102.3503323,2a3ba710b9ac2fc2623c6df9a14f0b08d5513bb3b4f1005f071c52353c5613ca,1
68b95ca400a2223721e06df62ec26af8a77b75b7f9a6defb7d6c56ad71db63bd,user_12,station_3,15:40.3,12:40.3,75.169629,b607742ebd7080e1c46c73f6979553e5ce2b803159982e16174a9e6e2e6dc153,1
a2ec1808af17bd494b444f68f4c812469b40a6b2766c84aef8e1bfd2d041986f,user_29,station_5,15:40.3,13:40.3,39.66693673,e77d01f672b9239ac85da439a5ee031d5fa1b27b740752883af10e86d5ac54bc,1
6689c59e2ecced22dcb2619e4249f4740791d5ddcae52d880981ebc6dd482fd4,user_8,station_11,15:40.3,52:40.3,97.32413967,6a77af2212b5b78b49db2cf51e872af7c8d26a3f2806aac0d92bff14bcd7d039,1
00587af6d8684ea27dc59f827533de97bb2e1be8efd29a6a0ed2fbf1bb02c79a,user_82,station_12,15:40.3,35:40.3,18.86,4ed08728f1e0b3c61f7cc41be8208a2a1bc2d3ececf91f9836a4479a89247ca2,0
6201b9d02c12f4a9bea3c7eaccc521c2737b3edf25d7c56d36eaebe40aac371b,user_24,station_7,15:40.3,53:40.3,14.82,0f18b76cb8f7bac6adeb5d96ff8268e3643572403a32df0a2077db5398be09f8,0
faa0caca6a0429b64f65e67b1a903303a8576da2d80d52f9427c5341c21b4b26,user_59,station_2,15:40.3,14:40.3,105.8591069,dcde1f62788d24dc484c9c3f3d34e0f3820b61c7b2653cdb9c43d3c72e214791,1
48d6988b05d5231672a935f57bd3b13649ebe5daf496d30ee2e4eb86e1b5eda2,user_72,station_15,15:40.3,43:40.3,103.7380748,86e7cafa6fbad816df99d44435f0ac440dc5a43f5c40468bc2f43b9fbd2896a7,1
b1f5df79100ae9223f4de18942788fe38d55f04fd8377237307534ec9cd02b6c,user_64,station_1,15:40.3,37:40.3,5.56,4a8f7e38688504f194df78826a14993c2a5b55f6f14d95e5c22e727c69002ddb,0
4b6b3a1e3576ad9db254d25394ff335e657a9e1d8cc36a3dc4adb92feafd1062,user_13,station_9,15:40.3,39:40.3,20.4,97c1d326be6c6b4fcca36d6f8bd054e5206f0fed41471129757f3be463fe7614,0
927e75560b0dcd1546e46c7c2076ab2d0414e9964610b47442e1e286021fc502,user_78,station_18,15:40.3,13:40.3,41.46,7fcfb5ff8dfec6dc4e840e36f6170b1dddec53d5182d3ead31227a46bae56caf,0
9099e1cce8b688a577507883825a576a1f4fa0febdb2eabdcee6a5b4e9367d2c,user_86,station_3,15:40.3,47:40.3,9.117048626,e1adbf7ccd5031d73232a43b6b8bf519ce9e7dc0705b97e4ef40960612920f8c,1
77909e00542b1bbfee2328861516984488ad7a03c30ce651cc4f324364eeb707,user_13,station_13,15:40.3,58:40.3,44.21,81fa16f9e1cf8c018aa953d2315aa0ab55937fd77a089f4fe03784bf18e0dc6a,0
192c2f25c1b4dfbce2fd6d60ad09f991a039ad73ec24bb5b2486e2d15b87b93d,user_28,station_8,15:40.3,32:40.3,61.1981258,a613cb0d4f8ca3dedbd390221d4da504dc5b33609aa772429c9c93c212da4979,1
81f7ccf07726bdd1dcfc46d2a5d1ee61eccc52e0cd32a28d90cb76e24564a39e,user_100,station_5,15:40.3,35:40.3,61.11434587,7992ce22080402df21c8bfc03b995d3231703a54b5ae7b6b68d95ad08ce5571a,1
d798d21f52e13d232dc3881689a21af7e7b8536adafcf8d51b8181856fd78e52,user_90,station_6,15:40.3,17:40.3,47.19,93052eab0b728fe2c82868f76b3a8e622f1a28655ffb1e02c036948569181465,0
e7f79c590f09c443a1753e6a0cef586b40278a8a215473639f9b18667cb5d07f,user_67,station_20,15:40.3,03:40.3,37.43,1ae10244a4f701fd995315c0cd737170221d608ba4b03e93ea0845bfe206ab9b,0
f06fcf8c6360f6981652fa165d1dfb9f1bba3355b6d21a6f35700ee8962a050f,user_47,station_11,15:40.3,51:40.3,79.38881488,f1328865bc5da49782a475f19fdfd42546ca0199952a17805e634b5b544a273d,1
deeccb4fe73110784b5ac66d97573c538db37bfcd30cc7e7dc4e7698db97b683,user_29,station_16,15:40.3,53:40.3,9.9,21861a92083bd767810e681abb74a3a5a1fc5e3f8881f71ef5ea79c8d67c4646,0
b86c0939d86dd46b01ca5d0fd43f49f183b5e02bc943c5b2b8577abc8a4a7d13,user_11,station_11,15:40.3,58:40.3,42.89,607564b7a84067bcacf7cd9143eeb6fbff44e83b018f8c46b6f4c6c97295d7fc,0
eaba1cdb69499290c8e8dc81c4c451413e7783a686a63678ff540616cffa0d3d,user_25,station_11,15:40.3,50:40.3,91.57998693,49a798db5d94248b703c91c822f7cfde1e57cbc0d5dac16488927ad6bb09946c,1
fd8b0e443ded84379421711a8cfbb50b885df4e95ffda997535719dcd6afb77a,user_45,station_15,15:40.3,50:40.3,7.88,73572014b8e187058ddafcc0d0bc6dba8feba636aa707889eed50239f788effa,0
dfee9cdc6beb63a3988ffcbfb44976d4ec30cd2a2da19126a668ddd8b081feee,user_27,station_1,15:40.3,14:40.3,9.71,2c726d0d6b178e1696f8962a75542aa4838511505ac420f009462189e41139dc,0
5b20a2b5f6bbe570e146f5942251bc5aaf6a6698e73366f35592593ba9ea39fc,user_36,station_3,15:40.3,35:40.3,47.41,ed743e2fa091c0fd3c6e45f33f6397696ce68816f12f29f73452cb02cba4ff12,0
22b64999e284a2c78a34c1e4c1729ae859eaabc4ac0a69c3b966e448b2386001,user_73,station_6,15:40.3,59:40.3,34.13,b1b76133ec914838820800831089fff52b25ad542fcc62a9818fa9705210a76a,0
fca73eb7a3305b18e568a60e4a4167fe4dc7784ad682a21aedd9277a3f711cf5,user_5,station_3,15:40.3,01:40.3,47.6,5ebb1aa2afb6b37bd27accb04f0ae4fc7fa00acd5c6a6ca8b6259f12952b605c,0
ad8e725b932072db4571c8c75f9e5e7173467b6064d5abed9663cad6a748f6ad,user_89,station_14,15:40.3,02:40.3,9.75,6186b604b2f3311631763f51000e5ef79283548fc5ce5fdb633c634c2c01a909,0
9985d33f6a6c1fc8780b869f664ba267816223d773b333d14ec9d82a9d6adde4,user_24,station_12,15:40.3,18:40.3,61.52369458,427ef89a87cb7eb35c2059dc5600f608c9c9dc8f1b772ed1397e1b94d1f39e67,1
1fff1b686f22cd10fda4f5a82d7513b66e16b8de8cdf18a7c6d700d5f9326d52,user_80,station_17,15:40.3,56:40.3,12.43271051,6d4741226141a911dd7efffd06e76e82fb27e3013d759b487060f2c5f31a5729,1
7bbb5794c82404bf46f9ee5b6dc5a05021662a8e88703da599c8ebcf90d01dbe,user_17,station_9,15:40.3,47:40.3,41.30615381,2a249c3e4209202a6a35a12a16c5909becb80ab3379010d8c43033f58e01c9a6,1
21cbb4fce34b06a33223dbc4050fb368a30534e7363c7dfd0e6d89198cdddf5f,user_40,station_11,15:40.3,21:40.3,16.92142514,80d7e0e82fb7c6519a302a10201c153fcedb52ca5734cee041eb3d3e1514ef91,1
85b8cd9492f8dfa8bd7b57583abfc14102cbad1be0d6117b101e07605dde77b9,user_77,station_13,15:40.3,53:40.3,60.28066335,b4002af15a6b50af0eb7201cb4dcdfebf72d71ec796d44414dbb422d78438d5d,1
9fb355f7583ddb57008ad8f02b7c7bcfb850c4c8cfcf144bea6182e6aad3cf53,user_40,station_1,15:40.3,49:40.3,16.34236658,93087e60ed761793ebadae488039a614ed763f74a9fe44ea5e07fb5a1588b74f,1
50c4b065d8fc834142d1ae70fdee146983e6e6a247e13f923927ba7a554ee5bc,user_55,station_12,15:40.3,47:40.3,59.71666235,4c1775db73133e8b1a9b5e4e183d55a83575d9e7f6b67e5f61ec934d6747a874,1
95357c3f498b793df82f3c3826e399d4e6a884e0e92685e4cdeb56166041b2ff,user_5,station_7,15:40.3,12:40.3,37.75,2e37b30a5d9225b25348572b8ce7c93280b470a5dfcd0587f0e42085eb7db56a,0
5b5be4b7510ac23d4aacd14c23e7f8309f19c64258895033b4756e83803a8a11,user_84,station_13,15:40.3,32:40.3,88.16198364,9e97591cfacc8de8d41a4e5e96b1be3b24e3c71afe7db27147808ed123bc4ddf,1
bfd193327364fd45383719fd5ee33893bf1fea633d6b1d5ca36b8935c06f24f2,user_52,station_9,15:40.3,50:40.3,94.03160969,3951a6d35aa47ce502f5a33db9d22a94f535dcebe4fd5e2c368ec28c2571fb1e,1
0f415696e23f0e30946c3234f9ed332e08832c1c21fce6be936fd6b04499577c,user_33,station_1,15:40.3,38:40.3,36.83126452,4ec3b6a9e2294136e283db3b55ca301a47867d0415bb553ec62d4134e6e5dd18,1
963841fe7c6816eb1ada65ca18a1b923dede09628fc6e5e45757d5b878c3c237,user_56,station_8,15:40.3,37:40.3,31.66,2c7eb086b31130d9c98f7f3131028bb0d02aaeda917ef14d57cb845d559c4e14,0
998fdb57dae61ec331be0615d7873e0d843dfee98283647a7e5cb498b9c3adef,user_20,station_4,15:40.3,03:40.3,18.14,44521dc830c562e866bb86aa88e5c162ddb13e4db5766d77681af0b46765404a,0
3062040d0809e55a3287fa635479a7c0e617242d6d700ef5a63b5f29ec8d81c0,user_10,station_20,15:40.3,28:40.3,14.79,ef651257fcc1afc636931bc38775368f9cfbf92a6feb225aac0510eec316a9f2,0
51bc1f2604a769bf2ac26a913381fdf505706283ecccf75c7193456a209f8ed8,user_99,station_14,15:40.3,03:40.3,30.54,f5b5725893b320fb39a4acb6501e396258889c0ecadb4f850291320bb30ef886,0
9a59cf013537ab86c76914a9c1b9f29a71b5c72df4531b29db75f3828300d77f,user_45,station_2,15:40.3,07:40.3,50.54414455,ee7979ec79cb26c6f74be5e299ba11e4cf05d85064ecedbe2e7f3c23d66de79a,1
e4cf60eb039ec047d333ee36f6f3793863f09910a97b6a7dd014938241f8e46e,user_76,station_17,15:40.3,55:40.3,76.97839853,014f42e6d489543494d5178696691022d1d7fe49b60287c2619a021ce2698244,1
0cf72792f29c57c85beb72b471d510a794869a52d69f56c9794a8871a1e0778e,user_52,station_7,15:40.3,52:40.3,29.85,f1eccd23e6f0fee05e6ea993c95bff2b383a04c87f472ff9b0112c626f2dcbf1,0
941c4894e3be019b75b85d0d464959dbbdcf3377e9fad78c3024e56e4c82ddb2,user_96,station_15,15:40.3,03:40.3,25.52,6253d9f13b77f74b03bd69e1625d3747dce943056d6ca50fe41dbd8489e076e6,0
efe7314e2ff180c8378e73f3c6d2a24bc2fb118adf092c4f947ca8b0d86ca54d,user_32,station_13,15:40.3,01:40.3,6.98,e1a8a7a4711852630352f46d964ce6f615ad1befb649954f1e3723f4eec4582e,0
27b4ef21da3eda072f52c040729ee711933e4fa303387b41f7d199de9dd22536,user_67,station_2,15:40.3,56:40.3,42.74,85f92af107d558dbdb4c80710101656d950cfd24442c7613e2aa162f9167e6a1,0
b49dcf37047043ee85e9c868fd8328eb898a7ae6b5095ced10d812cae20d48a7,user_5,station_1,15:40.3,22:40.3,18.06,63865a12c12f338be7a4fdbae85f8feffe237bf92c7691f898666011316e07db,0
a84ada74bc9eaa1cfe520c1b724143efaa42aa4a0b65abd1e93629d910ee0525,user_59,station_17,15:40.3,42:40.3,74.48841154,54ec475cefe2c9ad61cdef20fb380723536f3cb9f8afd8114a92fd8b55283eda,1
ad7ea16419f401d7706a241cf74bbf267f229a98c9a8c6cdfeeb25d1bb688f30,user_41,station_15,15:40.3,47:40.3,34.7568362,c335cfd5d9dd8d3bfde8554365965756e34253f0146708a79af71846187392c2,1
230d763f0bb15de2b8ade8fca18cbb7056797c5e6595c62ac096a10f39ba6756,user_10,station_18,15:40.3,01:40.3,30.54500351,0229ea39d34b601defb83dc2b826ec3e8ad945d8f74e28a09adf9a879c5387de,1
40d04a29b7a3376475204917b3d3fc051074d1be7fc5cc48af3b0f66b62d563a,user_35,station_15,15:40.3,23:40.3,6.03,20edd29a7c04f072fd827cff3c1fdb9dcc623ced093da453ee9d33071f21c790,0
b2ea2f80df7c46808cb4f5f43a8f3d61861e30c2adb5e99f49f960984213b27b,user_20,station_6,15:40.3,24:40.3,58.17566343,01abd1863efcbe877ce92ee393df6abb77678f3a2e3ed5fedfeba3319384c450,1
ac026096a7f28ef040f7dae90ba14949cddbed044f5db1bae65b49ceed3a9080,user_16,station_11,15:40.3,46:40.3,74.90374027,8bda44c33e298dba20f2804502912beed39e812b63f69b01611eb628f14ed732,1
15c8cb2b2b50c0822fb050b1f4c84e300b7b2add21e2a0848f32aa3f6c1b3506,user_16,station_16,15:40.3,49:40.3,66.25366553,bbe3f8e3d6938ba0ffb3f01bc57de69c852d28d4889288f0ae665400401129e6,1
b29106b174172e63beb27dd2754078611ac0707138cca8cce356756eb59fd0d8,user_25,station_19,15:40.3,12:40.3,19.11,57646d025cbb087226c397952eeafc6eff4f44d9af8c7172794805c71b1a9b69,0
caf902d8217edbca54c5a6409113fa1cdde70187775c92e5d1a34ac19763b647,user_16,station_15,15:40.3,09:40.3,66.7191631,082573b1fc020c3cf170c0c64be2113ebec5cd5ad7ee3b51145957a35196db84,1
871ef3ced6a96b8c6221091b18792436d597dd5946d769777bdf26ebfbceb876,user_85,station_13,15:40.3,22:40.3,70.44550374,499f37ad97f6612671651fc9dae12b3bbdd2441a81739dda1545a39b9990ff8a,1
424e6f16fb2610527c6d81f94f2a2dd3b035d72bf78e81c8777d003ca177a56e,user_14,station_18,15:40.3,29:40.3,29.82,a56bb8569a3cdaba6ebec58cea30a7b6c961701e586f2a6208635f47680704ef,0
463c9715db7cc077612855e30988e26c65deec5808f93b198ec1fed44436041a,user_65,station_19,15:40.3,00:40.3,64.01447349,7884a913e1abcde3079ccad6a2c85491cc139f1b06433adea663a48040eb446c,1
afc099b5534102c814ad080bca8e46755e6f783a95da139ba48976794762c4bd,user_80,station_20,15:40.3,59:40.3,86.07326708,6e1fbb798247d7935ed89166f5bf82aff92b41acba19356223f50f9c6131afa8,1
4a995ee8eaafe66c7b5f80e820cc1699bc71e15b831735d75888235d867ccd07,user_11,station_8,15:40.3,01:40.3,23.49,0ededf66b1a1f0cc381038e3815091611e65a9fe9bb32c6a89aa7bc651c73702,0
c3b31f11acfdb721e6bf30524673c6ce9adc88292131e31fdefbcc7efcb0b480,user_21,station_14,15:40.3,15:40.3,64.28454007,c257161ae99f57f92f30b41699c431b8725fb338fc4c0a043d28bb17fe09c2ea,1
fd62ce1d708dab7bfe314f233b2a9de2ce601e97a17acbae83f6d9c143cad61e,user_94,station_14,15:40.3,10:40.3,106.1213086,76d49f260d73530f093dd7bb5b684cda81af427cbf7ea8f35aaebbe5beebb159,1
9de70397343fd80baf8874cb62beb46175a0d5277ff48ecd946e2cc148e612b6,user_32,station_20,15:40.3,59:40.3,21.85,4b21109be7d270f9720fe9da70e3cfd49da821f0402d34a0ad5f732f11da5dae,0
e6a6d350308827fca994b8cbdcbf990b8cb9bdb404f8b1cb75d1e20b469a15f8,user_25,station_1,15:40.3,05:40.3,95.64037722,afba17a861ebd21eb25d7aa05929d5dd9bbe4509b1224d11d4f14ef9c36c547e,1
e99fa8c92a04eca8b05db0f647422d7008b913e4ff823adb538572460e665b2f,user_32,station_13,15:40.3,07:40.3,47.07,c21896e8012da1e81131523b05bc2c7d50b4fb33a1f86dd94eb80868b28d3bc2,0
11b4fb30a6f6d1b7ecef4c42e8db2cd6da516276123ac7495d00407987d1bed5,user_65,station_6,15:40.3,48:40.3,15.99,9c9edd2973d29b2aa761a60c79f55e546868da381707264e5f58ffa6ffdf4e10,0
61e8bc22f9662e9552304e35212c6cda85446481c4a6e5c5dd2c83460ed1fe31,user_40,station_3,15:40.3,52:40.3,40.42,1ab356a149c69ebcc0aa98d0adda61deee04b3fd45de0882e797ce904fb0e436,0
170c48e36cd0f0a88f29ee725a0db2ad6a0761d65235ee2d560ef7514cc47f87,user_85,station_3,15:40.3,42:40.3,39.46,4f9128a2523bc7fd137c30f7bc140a649bb58f6ea1629568c0c9760a173b7a32,0
8ccbcd8d24fdd34e2903c52395e1a2aaa5641d4c0aa7857fc83ddb75e2d34b60,user_9,station_3,15:40.3,08:40.3,17.23155309,9bb86ced2f396f66b7b875aabcbe7392f0c333bd4cb143424fe2d2b1125921ff,1
a583db8d0abba8df7b3ee0b1c627e4e5858efaf957243630957f33232b918960,user_8,station_12,15:40.3,59:40.3,27.98,98061409104092e7d565b1cabc0f3b01d56d558bfed2a120380b5ec1faf68166,0
f8cfa8d5ff02aab742187b4b5beaeffa40ac5b44bbb63112d0897dc977f09030,user_64,station_3,15:40.3,13:40.3,45.29772763,beb4ec6debfdb07c0b010f2a07cf4355d2d4eb488f3cbfb0c2787a27412cf46b,1
202d1afa043c7f40a181b89588ac92915d3a975125ad5e9634c8de2a71673e86,user_58,station_14,15:40.3,44:40.3,12.77626004,6ea901a587100bc16241241fda70ec51f4afcb3225c995b2a7e2039913c3b3aa,1
bbaf23ed3e4ab58a1597b5a46e7c5aaaca138c59ee1cfbe8623929dc608df7ad,user_71,station_13,15:40.3,01:40.3,38.09,0299d8ad35ff9a92375a14e4351a80a0dc5cdd0b466965e1a41dfbb99bd5b637,0
75148f4fbc6681c00d136a6614db08af4377833af55d8193fe2f38e569584e88,user_50,station_6,15:40.3,14:40.3,85.4598465,8d4e5881bf3cc8258440f9cb2aa9e608917254b39e34705c3da7216b8ef5663b,1
35dc14683cf5c9964661f5e2c3cd055420324b2d372a1f40299f8555e374a7a7,user_25,station_14,15:40.3,47:40.3,137.070153,e77c27d74d6e3030e4f845833c1ee3d6adf3c286bc664b46b946cf30772b533b,1
7848cc20e622303b486d9d6f2b08ce2bbc630bcb63f9883fa271705719975a04,user_100,station_1,15:40.3,57:40.3,36.95,e8a80ece77b613275a071dd1af790010978e94b9313145fbae101a8a9fb174e1,0
2e4d70d0da63a530bc4ed4364f0e88d65617e999655a5a5bd0e4a6c71efbdb79,user_48,station_20,15:40.3,25:40.3,30.87,802cb2fafb06bc84844e45810f900c7201eac34df43e09f3b8805fd02198acc6,0
2cea28b92629fe6f2b694526432e702ff401908fd6888645cb212d72387211f0,user_31,station_17,15:40.3,10:40.3,44.25,06fdbe0e1a14f60ad39d037541da65ddb5e641be6bb6f2f5c2f404c2d2b0212b,0
7c827e6a81a2285ccbee20213e769655f423f7d7dd8c5372f0d23550162810aa,user_9,station_11,15:40.3,59:40.3,8.825384515,ac9796df6fbf9c27ce0cedac28c3c71686f16c8d9aa7856d6d30fe4fa2d38da6,1
0f66eefa61891b9b9cd34d65152bc475d59da265bbd53dbcce9e332371e5d0ab,user_98,station_4,15:40.3,01:40.3,21.61845044,7b0b6118dce6acd289e509879a0cf3a4d55d0e2a9b24b2e73743d82f19540204,1
30c69e3fdeb77c595f7d8b4a5f09120a86621e3420e3ff5aa8e5fa4dcc68aae2,user_64,station_2,15:40.3,29:40.3,49.86847465,26155749d2b2e4ccfab9542b228a1822e66a6193f48d72305c481c25375fe4c5,1
c54c6dea8f6dc83c9e41efa41151c86fb3711a410fc1c51690eb971f868536a2,user_16,station_13,15:40.3,33:40.3,40.99,9477e5c808497443d745ed81571994bc43868c2ab827f5d66d9258de7c35901a,0
9afa9c1f0878fdfe2439976a7491cc39ce8faf0121423349f250dc41a65d25dc,user_22,station_7,15:40.3,05:40.3,57.10655945,5e50f886996c9202a3c946361a359be63df5b4baa307d79797a47afe199ba5dd,1
8bd520a09dc0c5b8f41d062d8b51388d22fffc03bb75e5623139d106a3e8e055,user_89,station_15,15:40.3,27:40.3,17.11,278d8584344d007d619d5098c244d7998b049f5ec64947f859d3362d02223324,0
cfd1bbadb7a4ad3b1891ab1f154f110e2b25f23b60a05452d801098d05a2f0d4,user_7,station_9,15:40.3,10:40.3,41.14,7d54b37a887f90eaaa0881c6f9a3139242bba328c89b67484f6cbc470d52dace,0
a10acc44029e669da871d0e9bb9b2bd045776c46fbb7e1b2296bdb391e599c2d,user_58,station_19,15:40.3,58:40.3,24.44,e65eba5243b461fc971544b54317e43cbcb48f943c1e52586913eb945755721a,0
31201b7f65d86800aac400cd43eb96ef0483f5599415479adab85eee7878579c,user_7,station_18,15:40.3,03:40.3,38.6,ea89768e3956ba24092c8ef87fc103cb583db30dc3b51ee67fb3a4af97767a54,0
ef8bbf146ba96ae4599d3febbb7b4e7128c5d8fb59a5887aa8ddb32dbaff5b67,user_4,station_9,15:40.3,08:40.3,36.23,d02035fa4c51bdaab7c98a76379fa9564fb5b4552affbbf109ae1c780341c13f,0
6948d7943267532d396100de28fc0669381fc1c8bf2e0bb8d772d55765d8ce7b,user_64,station_7,15:40.3,56:40.3,9.28,c558e571cf40471f088260930530e3048c246291093098f00f36c922ca47b1a5,0
a01366fa8140c89de4025b84af49a2b7c60be79e9d4894fb7e0e282a68edc72b,user_72,station_18,15:40.3,03:40.3,45.54,d99b1be20825d89f782d752379cf32efe50b3db9501fce137d4e6303727eaa81,0
a42db573e28a0109f9e7a19ca2c574bcecb5701cd96930c394015340f12b0379,user_26,station_17,15:40.3,49:40.3,39.58,144580d49851ddd95ab97a32665e2212363cef594ad0863ecd27cd7ab01f90df,0
923e6163be03649e39a99881cf367fd4e2402922f12daecab1cb9f1ee7b4b4bf,user_56,station_7,15:40.3,34:40.3,37.06746051,45afc9a82ecbd125d0c0e9dbe3f4df681f34084ba141c97d807e7b70f04427fd,1
a1fc4e92c4708f7aa20ac2935f9bcaf2da577da8f9e81685f6f43654990c5614,user_43,station_2,15:40.3,31:40.3,95.70878068,a7fccd69d75481597177ad81d8faaf084a0468bae2a20e1f8b29becd091c4266,1
c2cb1ad608ade1bb32fd3821f311015c5b634c3a5308d595d491031ba1df1323,user_3,station_16,15:40.3,20:40.3,51.86773952,3c69c31a6740cb96d560c602d4b31cbdfff3bdefd4631d97c115ff248195e8ca,1
5ae2edb374769faef76abe2994c23792d5f559f754dc82cf6ac168923192c252,user_82,station_20,15:40.3,47:40.3,25.83,7578e9228bbcf07f140c4cc9406995aa3fe27d10bc683f97163babb73355a346,0
4d6abe021b1e252ba350c4126a6cb5e76bfb492da15c5190948a364f0c1b7870,user_47,station_17,15:40.3,46:40.3,31.89,d478cd6eabd77ce45e3ae666824750b13575994bc0718bd384c5e8d0d6d2dafc,0
be4b0b108ccdaacd94b5c9aa923f3b5dc1f9abe0b6bde72563c6a8082551af9f,user_33,station_2,15:40.3,04:40.3,9.63,56abba6fca775ddacef40cd4d103e547d1e8b25d14d46fabcda0e70fcef71e7b,0
7ad3a304c07b529141cc5df89984381d9baadcfae9d54e1ea6d06dd71095e449,user_44,station_17,15:40.3,44:40.3,31.05740791,379b46a7e26c90a4b689c24d48a4923d12a6652091e0f5eb7159c497622124c0,1
66982b300deeeb80c6980498e2da4bb95a7b8926bbfc96770f3e22ce49d6ad2e,user_93,station_8,15:40.3,47:40.3,56.61651392,15c0957532739731bb2894dfdf1218dc3acfc01ab18a5735333f4856029984d0,1
e6acb564783805c00fe71635e3e1cdb845df9b15ec36b47f5d244248b204ec44,user_31,station_2,15:40.3,21:40.3,43.89,ad5a243bb8545a6ab8c81aefe5f72dd7e374ce2c0be218d34aef9b6667b8a4b2,0
09f0a28cd048d913c4109f759dd25811d4d074a0e2c4836a9bcf8ef721fd82cc,user_90,station_20,15:40.3,12:40.3,16.69,00faeba5de528a5741df898dd8871b2677f396d9a3fe39bb53557b36070cfb85,0
7e2219847808b8aab775b9b3d19f7e7ea4c8d4fe1115472859af171b96e06fdb,user_53,station_17,15:40.3,05:40.3,112.5575446,9e66e97db60d56f7dd6eb61e0e868b2480b7255f8fef6d0b0107f8294c34a3f8,1
3201e2bf19d81fa5e006b635a44f44963eec61d1d644ab49df7bc850fd0c96b5,user_7,station_5,15:40.3,50:40.3,26.61,c2c78f98c9c0081f736c4a03ec5fa311e974ab5b3a02a2f816fc3938ba94256b,0
b4c9d4c1bbe881577bdd8a04b83cc668399917c177fa77bb5609058a4890fd48,user_80,station_7,15:40.3,02:40.3,35.28,3875de88759a63d78140c604f69724f2ee0dfeee51405e15a0e5c5c744ff22d5,0
959f62ba2fe9a0356f9cfb38e555251c2d087afec9f8879093eca7a301e5de22,user_28,station_3,15:40.3,59:40.3,56.73106008,11addd59bcb5e5f1693983b2be4d5060a9ad984fdc0550db171969c9db6f7147,1
055fe94bda2a82630f04a39732dc74cabcbdb089e351ff72b4951934623503d5,user_91,station_5,15:40.3,01:40.3,23.61,a6c6dd98ff4482d66743fbfcce843976a5086bd43910c09f3e3819a30a83a900,0
38936dd4f0b76bfc43f6f4f81c2e9e68e1a52a8ce305c8a152832be6bdcb3097,user_33,station_13,15:40.3,34:40.3,22.01,de3ff40e8302ac6bfc1770f49b509379a21fa3d296d0b227e74ac7b9d6de32c4,0
4e8aa3c2574d8451f8d0464de672fd3435745c355f105fe903ff3aead31fa4f9,user_55,station_19,15:40.3,43:40.3,9.89,74cdf61249720c7d629c57912aedbaf54fa61210adbf77d4152b89592420b846,0
7c015dd9c1d7183f751cbb3e5f4834efed6238f616255384885508718c2d5e36,user_65,station_14,15:40.3,37:40.3,44.47,74ea8c5118442e35d1b5cf8c5a09a5b50847b9a43e2f87f69b5a113cc5a8498c,0
35a8a4415e1a7bba1199530418c1ae866bb54654d87924955b7039e7b49e92fd,user_81,station_6,15:40.3,10:40.3,15.16232206,40b71695c789aad96f0e44b50e2812d5f3dcd8864134c3fa77bd141120704b3e,1
a9072bebc77797e81374b3fa09cdfadd0232fa3671f2bdd17366a46f21e37d21,user_95,station_4,15:40.3,23:40.3,11.94,188074483ea81cc82cac213d8154c8215abcc07f9c0ea26480bea9c85d4d156a,0
24f0d95b5d18610aea8f5b51fe433e3ca428c6c960db928849ee465ed93fdaa4,user_38,station_16,15:40.3,51:40.3,42.9,a54ca3ba9653fffc8986a58b907371c3535a4e7387f2b9e73e9f59c39d020556,0
153189f22d1fa214e64d7222e243c93dfdf6f1b060ae1ab999bd07fab66066d9,user_23,station_15,15:40.3,34:40.3,95.05566615,5185ca4257cbaf6b3a52cdc2a719141344daf378a3d51bdee8d89d471623cf9e,1
1c560c88023da3f2aff36a00e69f7424a20054b25c9abb144a35b94240bb05c4,user_44,station_9,15:40.3,00:40.3,103.4333868,0c65acc1b0a53c5a8d78362755a101f38c7639fc645d35fa2a3f4d25be8ec5b2,1
8e163559fe0d3633970a9d5591f623667f958892a9585adf43e9064625409c06,user_55,station_20,15:40.3,11:40.3,58.68763019,003c6eeee1974a43e0a2d6d8a910742add14d46c068a6b6ea049894c1c693fca,1
be5849f26b8046a91a5cf992a72962254e0a2ae287b1eeb60c7aeaa48f8fcbd8,user_30,station_8,15:40.3,59:40.3,23.67359451,d945494d26186fa801dfbe98ac5b3fb92ca94cfe624d9cbe5b793055ddf105fb,1
843515c79bc8a35c9992226198cf2e210af08de4de699e4021fd5eac12244c1d,user_50,station_8,15:40.3,57:40.3,22.18,2e2e00dfe0202845428ccaafc6a730c4a9e01523228ff241c1c840642686b795,0
ff54b9130048488d1acb5d6a03fc66c8830c4f78356be2247b48c57cec229494,user_33,station_12,15:40.3,12:40.3,40.5,43710f45aea7938ce8b67489f67a4bee712603b0099ac315572dc4a115ee05fe,0
5784b6887de44cb84aaf32ef344f8aae5ee98025ddd532921da4f5432b9d5975,user_87,station_18,15:40.3,34:40.3,24.60415521,91c61ef87479f9ffb907d40932d016e99f1acf0935a227f5b12194d1baebf1f2,1
6d1cfa8993e1bac124576eb9cb2a02d4af060a1d3cf37d4ba15fed3e08b1f3b1,user_83,station_10,15:40.3,25:40.3,26.68,58e4f8fc63867a111080f9624bce786cc78eccbff564170dcc88926a7a4dc5dd,0
7a62ac11589fefbd4ee3006716b05209e0dc8833c03903dde2bb9a54a8c13cb2,user_34,station_17,15:40.3,19:40.3,43.34741464,8d0da1cfdd5aca8e3ac4f41d7523bf614bfafa02932a2b8971a5680de8fb2abd,1
9ce66d667b5187953b8e64face859e9f40e384f657d4f9710013d4350c6c77bd,user_6,station_3,15:40.3,45:40.3,10.4,e6e7f81d8f27717fd354d263902512c6f7af887c1b2cf37f9dcaab04c7f8cb8f,0
e08b34e05204934e66ca35273378580b10ca3bdd4252d57539fdb69011aedbee,user_45,station_18,15:40.3,09:40.3,83.03435772,0f92e18d7a1f8b712fd06ae7bcecc555c9b4a50066b11973dd46f5e4581f25be,1
730fe47222f017355bc6fb0c0de7462c73bdebcf807dfbc731841a53ed13a08a,user_29,station_20,15:40.3,04:40.3,7.51,960100ad59692bc785d541fe168a49d65ba176fda0c37cf991f1f8bd10ab7506,0
2a415556e7e69113696da9b1ae8ea556d8cb4a710e91f2e30cb6b58fe481c17c,user_99,station_14,15:40.3,59:40.3,40.11,9ff99bcc26cd6c7c97304521732569876da2ca17bc230bf237e6dc234f609fcf,0
536711e8ff78d5b057253fcf1ffd4c4d3c499abb8894b289301d3147494179e0,user_77,station_12,15:40.3,57:40.3,48.81,0c98439c7ff181981680765926264b987d703cdb254e744ef58e6944863c20f7,0
04cc494594436baa5aa75f365f92073294bdf54223890c13c3652c38433a1751,user_68,station_14,15:40.3,40:40.3,16.86,17556b3352ab38209a1c74c77390c2b79c492b61e45dd962a5ac1749ea756e1f,0
a5158a73ae4cc57e45b3413be05688758bb92a95afb976732b60a1de827a59c2,user_1,station_19,15:40.3,05:40.3,82.24985454,9f20809bb16a0ce1d6df4595779fd47ee551ff06bee0706d60ae1aa23ff0a89b,1
a15f3ca1a0a7aaee327cdfa9de59e8925624a927f0556b4f6654071e633dd0c6,user_62,station_4,15:40.3,20:40.3,10.12242732,7e0d60eba21d566f6cec59bf8bde6f2394cea5b532de30b10bb743c6315281e3,1
acfae635393c52d0c72388458b581ee72a10b13078793f9b06a14e0c708cc9a9,user_96,station_8,15:40.3,23:40.3,39.94,ce26864199c5174ef46a2b32513b7ee188229989f00f90e7ecae0a8eff396c41,0
f0ba39287a4f06ff31086428c8fbf4f87d27e7a95c79b0906f4f2483871e79c5,user_13,station_14,15:40.3,11:40.3,46.35325077,35470acfb915f2b5e91d40e7b1094864a713ab14b62ea131076bc48fe712aa39,1
994513c2632efc77437efb5ec7fa2b4b7f528a42441c0164f6551aed51594f0d,user_31,station_1,15:40.3,32:40.3,89.69882574,1ee0f34b52537993607bea6fe24bf19101c4f74a9926f8b6c3c0d1bdf6b7f120,1
3b1422a5a90a2ea6628c0dc228fb359eb299d600343b6e48787387226849246e,user_44,station_7,15:40.3,04:40.3,18.16,350b89735264fee9e9d51efcefda105c21d01b8316aa2188e8689549f5dd0e75,0
fda24b385cb2de98a2665569dead2b8b14aa43f70fde27200f70c4f1fdc6cf77,user_36,station_13,15:40.3,10:40.3,19.83836509,9d55c5bda85883c1a89613957d9199d75cd78e65be9b91d35ac88f568e46a828,1
b02547a4664caee6da230e03c7966685b67cc228f2c3fcd0df30dfbfcf77d54f,user_15,station_1,15:40.3,03:40.3,44.26,c702d0238cf9e6232c4f6c69826a2e7d01c40b90088fa0251cebe52c1d5f0087,0
7740b7fad58e238d50a340220c97e318af8358d1aa92478f35c1026e29edb066,user_73,station_20,15:40.3,57:40.3,25.5,fb337525b9864de6a101894483f477dc4f4fb6b252407d22915f2d76eb68d0d5,0
335d44453c81f23b1bd7b5fde69f1f1173405e7f9503c79faf588f63d836171b,user_64,station_14,15:40.3,22:40.3,18.52,c02adf6d71259416cd25120c33e456929fdc18819be031a25b2e0295ff2dc6e1,0
97c9fdbfad2ec3a030e092b1a978f40a7b1f30eac1f361b38a2e0596db95de22,user_60,station_17,15:40.3,32:40.3,39.58,32380d089c21a5af8703fb9b49a3f43277479be425f6db386cd8cae7fca4bfc8,0
800c47a00c2bc87aa2a5f9c59862382edb179f67a1dbc93b368f39861e90e7ab,user_88,station_9,15:40.3,59:40.3,39.8259176,dcf07eb5f8dd4390cdfb5533da8df397c38bfdada95a19d0706ec84f43881a10,1
6f037ecddc29a0a3b82c8128855ef87acb18b2babca832af81ccfa01112d6f34,user_29,station_7,15:40.3,09:40.3,16.52200319,9531d0573034aa1c102a43430d4a41bedda266b7418a01d8b7e569089e7a72ca,1
da0ad7e086a9188a7f57b4bb51df972eea56bde1b20566fc489d1594a712d754,user_78,station_3,15:40.3,45:40.3,66.51205754,bbe144387c669dfc5c3fe8c09259023169a6ceb3778cb8a44513fc2418b817aa,1
3fc3569f80cefff48c8f69bf164b92edf8eae4e4fcd848555787afa0defd105a,user_32,station_7,15:40.3,13:40.3,14.37,120e2ac64bf031c4b96ce36006360904bf484cb60704b6cf2d77017c427fbf48,0
f826ca5062bf63ca2273658cec58514978244a0809e1158080accceabc342c8d,user_87,station_13,15:40.3,33:40.3,58.46887243,d9d0b17d28bba22d7d416529785d1a189e8a8e7d50139cf1a17cf8480d72ef79,1
c7ca0022c8d68f6f9a45f77e7a4880b8fbcd748bb24722d36f6d810ba005f601,user_13,station_11,15:40.3,31:40.3,48.93,e74e6ec3d1e6e787c031f4db07e6fce2af535516448ea0e0f98f3b960ca89a51,0
ab08e7da9ddccc6ee2d97179e598a957a43676d8fbd05f781e681974c1d2df9b,user_45,station_1,15:40.3,26:40.3,34.93,0236be630d35bb26d6598c657b3ff2a1d056692674e5e3c97da7c724fe3064dc,0
5b510063a481922f64984e205faa3289fae4cbe837eb4cdb0419cdede092ecef,user_76,station_20,15:40.3,55:40.3,95.941229,adf15d1ba20b1e12a3fdf80eb11317433044e8441394ca08b04e8884951ee1f2,1
f7db4a279f6361b838b69d2e95ccb7313bc8b08cc74bf627336136723b0f8934,user_71,station_9,15:40.3,45:40.3,35.96,8ce85240fe5e592320a3c0ac42b00874556a36f5fb232e3af1f1850be106bff2,0
1b7773910c241ffe77b15493d008cd111759849fdc39dc350b3a755ec1527ee2,user_57,station_1,15:40.3,12:40.3,16.12741083,252acacdb8eaa639dd62ac63f19006706752173e3445cacfa65aad6e6060b587,1
b21fe0e52507b0a7d5787a5cdb52740c2c5026fdf6882f2c3e2f4428f0db7a50,user_94,station_18,15:40.3,24:40.3,23.24,36fdd93280ae09547f7f877861a43d2235861e45e4f1c80065640560cbf9a2f5,0
c3f3bda490c853b677c6a6e4381ad3185b333c41eee9d27da685c5f58c47698b,user_12,station_5,15:40.3,20:40.3,11.41,f559b8384fae2299b5b74aaff5b95a9bb2fa2ed6ea61457a980e13e025f36139,0
479f0204df9cccacfaf2589992cecd7c83e5353503ed35cf6236a8dd11e85ff3,user_16,station_7,15:40.3,36:40.3,80.76366294,20538c037b0d65cfead7c62c2833a2f30799e27748755cc42015305ef4f28a79,1
d1b13f4584c285910c0b96a2ab147fff665527b0e154c7132db7fd4d40361b6e,user_76,station_20,15:40.3,14:40.3,44.07255984,42033e03251c2eb260328c6584ba2ff6b774108eb93461a08b00d620675307b7,1
d93c71ff96fab1b0e41215a51e963028accb3a88e1b39210f228e1b3a1109813,user_64,station_12,15:40.3,59:40.3,48.12098694,9e98592903bd43cf07a523feb26702806beab963ee123ad41ad4092105b5f463,1
fa64a906c074b3dadb8af0f644bb3c0b8860087f1f816d25f163e1cde64150e9,user_11,station_4,15:40.3,57:40.3,37.48334927,76c0c017b6168e8e6633682fb70e84733ee59aa2f58b0c430adcf9326b10a164,1
f2759f8c1b7cac1c016b1760a8f052ded311e9e819d632a94ddf8c90868d8ecf,user_56,station_20,15:40.3,54:40.3,40.68697314,46aa97a16699743c3f1c4d7e08fd5928e9b1392733e8357536646c97f966fede,1
84fc3c158c945fa9103350c15120f7e7d1b40a87aebb1b8b0d30f0805c090c7f,user_30,station_17,15:40.3,38:40.3,58.26230488,9c5e5246fc97c68fb3464691938c6db86e3111baf7b28b20074faab2aff99760,1
7aadaa51a065368c15c583ef78e36278608c6306149de263ee0e39edd3ee8337,user_20,station_1,15:40.3,25:40.3,62.78492715,9018871f05e318b6fa387914355c9094cf9c699b503133a7b2d93e289fd2f593,1
e661f18c31bcc9f4604e64cd8ac1faff4b0b1114bc7b85ef34eb3214821cf66b,user_28,station_20,15:40.3,47:40.3,102.9082761,eed06c3f68de07701066b2e8fe5efb0046617033d46a36b54bb42896d9a1f5e8,1
ebec68e75f8292421747eda6c9579f31b71422c7c075d790ccdbf3d94d146499,user_10,station_2,15:40.3,53:40.3,32.73486907,851f74fa614254b39565f9a246e0616cf6f99505661b39660c3e30a465b3a66f,1
8cb6ae58796ccdc3e6069e2d86fbdf1ff9e23737f52c5f240339a572fd41c2f0,user_38,station_8,15:40.3,05:40.3,11.89,063de4cbac527a9d9db7546b44665ae0889b33d1d630530581e6cddf7f7f89b2,0
4ad06f58193fee3ee8b91f348202c18c87d1f371845fac7f70d85261e7b4b403,user_32,station_19,15:40.3,28:40.3,55.51747875,d05d601c6230cd1dab974ff31d0956e597a0354822a9c3aa7dded2bd24927595,1
755fbb634a29278dc39758e99037c4d16de0921430543924bd5571a35d850694,user_22,station_3,15:40.3,22:40.3,137.4039505,dc2390b46a5e4fb50800f199ed64b4c2288f0d4c6e3f90ad582771f5621598cb,1
414a461ff31f001581e1e6c75db9b9f9d270dfefa900ac0a69c747384f3ce5ec,user_77,station_15,15:40.3,48:40.3,19.61,37c27e94d1afc6ce33e3bd782b6e57ba39e67c5506c28ef60178f6cc6aeacfae,0
ee2d90338c69032d723d88ff833fa5f87d99895742d33375059aab7239526c07,user_65,station_13,15:40.3,13:40.3,28.04,8963dfa4501480f0bef502ac61bbf1a13a49a950b09b4f635d68a7ca079dce8e,0
78749fe23927b8fc97cb46169a830f01b59c1c1af188ef205da86eaa0eb6f7d8,user_95,station_19,15:40.3,35:40.3,31.76,efdd0e6506db376266c652db6626f7a82452f91d4af5325b7dc9312c25d7b27b,0
380545157add2dd4fd26a7e1a829809b2d0f5ed62f20292a52baa5ccad4c04a0,user_83,station_18,15:40.3,58:40.3,49.75346626,e04bb0faf2d7021d370177d7212266a296edbca38c66390cf8102b7353fff7c9,1
a7a36d8b114375f88a5106c804d29a7f049dad00c7070159781977f1ac0d9833,user_80,station_15,15:40.3,11:40.3,67.06792163,a92f49af2ea6f6e8578e11ed117642857f9032067130e86cd61b44699c866cef,1
7a5df067a078e17296489c42881e1429848a4da3861ee80ccd2c08966e96481f,user_29,station_19,15:40.3,58:40.3,42.15,91dafae9036dd6f14d04f1396988878af4815b7cc9960171d53adc05ddce0af4,0
8c2351538d3b6ea42a4f053953c5249fc7d95f2d2e9a62412d2169724cb75029,user_61,station_19,15:40.3,03:40.3,44.62,f401af9f26a4616a2aab3f4783830d2e338be3b3e44cdde58aa0d9f95f96af91,0
5d20dc223b2469106d30fd7563c01760975c92dd24f19e00c4a16159dae8b9f7,user_85,station_1,15:40.3,13:40.3,49.21,35c3437f11da3f6442cb62298c12907c9b3d28340e65f0c224c23d228f98dfeb,0
33b762b05355d3c4b80c3ace8d7c7fc0c5de78f007be4ebc3a7fad2b27bee6b2,user_41,station_12,15:40.3,46:40.3,17.33,ef1cb3c2e6f7b294e1e38d18ba476e6a37c73eae2de4bd410f894749ffff7c62,0
fedf25b741fa689f89347fb109792f106a1935257555c9eb04a1a77dbcdc86a5,user_36,station_3,15:40.3,04:40.3,8.93,671413e5556b48e72c02e9fdfc4e279273783c82f391b9aafc7e52ce09d18751,0
8bdb1c84268e154006fb62c73ba7dcc81680796d780aabfaaf47ac3b229f9709,user_29,station_20,15:40.3,19:40.3,31,85222ad05639d3672ff8e87784ec384472056f9183aaaf74a7d7fb4d37d75719,0
ccb0fbd5e6b1e6aa8fb29124379eae0a12525c77ae856605a0490d8b8abb62cd,user_25,station_4,15:40.3,38:40.3,5.61,8550e4f711f52d1ef3c061e4e6f5ec45ab4a970e097caf543acbc790c59070e1,0
aa9c558e915a6a92de95b828cf9c82cf905a3159ec9a52e6aea9d5302bf131c2,user_68,station_5,15:40.3,02:40.3,25.13,9b14dae1c312d4e6ab494c5de73955c9814af0df34b295fcc43e08ecbdeed3d4,0
89f2784947189c30c149bbd82ec42a5889f71b039990b1c306d8eac8adde4ce8,user_80,station_7,15:40.3,35:40.3,87.22819205,c22f00d382d2e68754e564c81c00760d76d8a3ac956bccf36f99c47a5e02a8a4,1
5e437c1986a4ac6bc3019acfe620d829f9df168d237aaf18e312b18bebee9a24,user_21,station_15,15:40.3,52:40.3,110.3461072,d87d0f567529cf3a243253130ddcffb196e630f072bd60d595bacd47e291fe22,1
05be2873fb58652aabff1a71663a9acc0acf67672a7fca84c4c6018666ab214e,user_66,station_15,15:40.3,53:40.3,92.99471571,513ff6286141fb8148c9e6e21df7c9bd24656213a9f5aec08cc293f43fe92928,1
0350b2f0517a038a8f71acb73afaddfcfb4adb1d9a98b18db20e2b0c58e223f8,user_100,station_8,15:40.3,06:40.3,17.77684877,6a56fb86812f8f722156616dd6edd2dcbb5499807e313ee9545bf67cafc7f58d,1
7e762495b53afe2bccc4e7f458f2f27a9bc456f144ea48afe193898e474bad4e,user_21,station_20,15:40.3,55:40.3,87.99848085,c187a062e465eb65b30c27dd1e5efdbbd25382890590083f0cc7a919879a934d,1
d60cc48b7e75b1a59211ed46e7f6794cd250353be11c0c5ab3638d913a314580,user_59,station_8,15:40.3,02:40.3,41.42649605,91dc27a319ce0d858852acdeea441c929ede3d76bf3c6688a9a9238d24487133,1
11b85efd09177fa3b84f44d57a2a09e2557acf158399a956d2f460ab5f808a16,user_35,station_7,15:40.3,00:40.3,12.44,16824bf6142c898da99833fc4db15bc211535070855bcc67f3c4b7dfad88815f,0
e43d82608cde47845c499c68b64fffa41bf5c750034c00b2e90dec21e339111a,user_58,station_2,15:40.3,11:40.3,90.66565931,f7f4585109ed92cbab45a27970f789fe76333e738913721414f3320eb4142136,1
b6251f788a5edf17a36b543ca5d1ee48ba6d2086aad772436ee6df9ac782d245,user_94,station_12,15:40.3,50:40.3,10.83,7a7f73eda28e14444af6dd8d573d01f0d396998e88145a5e381064de74eba590,0
02af5508d5363c69681e661f73c300a9200aed3caf46f2a8943edb587e25c9ed,user_67,station_12,15:40.3,25:40.3,5.44,6648b8b96a44e03905a8f191911e61343d310fd9aaaca212ad16c19080165394,0
2a3b9507de7df426f1bfa07f663fd16537f69a8122fb32a9b6279a52bfb9486b,user_47,station_19,15:40.3,40:40.3,34.99,b637be5d913fbb38bc83c79292cbfe7470c50b2937eb3213dc553a39a8817d57,0
ac08d15084fde1597c892a0d14ce4ec7064c66d37d802db670ab92015ba5dd89,user_31,station_8,15:40.3,59:40.3,121.6753368,220858e05ee3fcaa05c5957f9dfbe08f04433fcc3e3a9ae4a65360415dde98d5,1
c4c7177b5193470a320bfa4a3ad8cec862182dca2463fbff5020ada62556fefa,user_82,station_10,15:40.3,54:40.3,78.54715079,952793a31dc1ebf3cfe0575f11a3e8de0abc13cc387758e6771f2326a0f8fa64,1
5dec577343045282ac15be6390f2a6c4ff674ad1ccbdc4b0da2714c15f37cba2,user_9,station_15,15:40.3,43:40.3,36.41,229162fa9836be7fbd2b09843ff1fe7e70130db182491d16d08bf734b5b8e9a6,0
c0ab7c974b7dcedd82cceaf711d9fb631638ff1b0f27583fbfba24727c7ea38d,user_74,station_12,15:40.3,57:40.3,31.57,76038a1b1a92b5f263232699d002cf84cbc0cf08c3e044a04dee70300cf2e53e,0
ead821f5115046aef76bc57c40ddab9f19ff54cba0c091e4b0c8a5a4bbebdcbf,user_16,station_4,15:40.3,48:40.3,51.57349924,c04552ee6c624f06198bf8e03e6a799ca18573c38e73c6411769135239d7cea8,1
1807fb9344be2a688466a4312b62f84a3734577fcff9e2c9f7ec3ca5dcee6c4e,user_20,station_9,15:40.3,47:40.3,13.32,50657e55ccca04c48a5e960ae08504af2bb252e80214a9c35a32f8cdf543e16f,0
8a966e9cf8f3af84d90a77193f8a251fcf953b037e86505f50f99709ab61d85c,user_95,station_7,15:40.3,50:40.3,101.8843658,3c8ea671a97a1dccf57ee5f83315968fc95e0d4d7ce6ec3137019a0c8782306f,1
500664b75ca8a13998867c5a4a541ad707ac0007024deed0b3258b4234576861,user_48,station_5,15:40.3,58:40.3,35.80390931,d49e149b87eaebb0cbad2368d1087dbece0065de0bcb8fd3b571ddfc848c1020,1
886a3e5d393b6b8fb1c05fd8883cd5d1b6dba11bd24bc87d4b6db13bb1e156bd,user_21,station_18,15:40.3,29:40.3,16.12,799de6648ff617c846ce561788a811bcd4f5227be9ed83e7b2b7c49ae5dbf787,0
e23d9d1904dc008b1aeb65d635b46be2b007ec42d27b88ddf1157bd1f9fdaa3b,user_55,station_11,15:40.3,48:40.3,76.00395489,0636bccdc469ebbf0cc2f17238c5f1c30a72330521bc4274b3c8ec3144aaa56d,1
bbd140ce0e45fc422bfcf76182f851dac3ea7f99fdbc0c9a5814464e5961aace,user_38,station_14,15:40.3,16:40.3,75.29198171,0a3f00cab27b53fbf5dd09d0f1f1e5649ad28ae63a9c8d2cb2434fe417cd7b58,1
8e79c10616fddf799440b8c019ed4b4729a2287f0d31c8dc0294d389eeb4ba0d,user_20,station_11,15:40.3,34:40.3,66.81183351,d695eddbcb1f73f099a54457c011a044e67952de917cda00b4291b29c5756614,1
f6968cee26395a7c99cca5e3e7eed39ad591a209e68e92a7de1d566c29114fa2,user_34,station_6,15:40.3,12:40.3,62.05682287,e6347f38760113ef89f79754e7b818b6a13d44ecf587e60410f8f3f2524105f0,1
469f83f35e3295e790074c88e78e849b9175cd32f53d5b79b3e0819cf613ee38,user_20,station_13,15:40.3,08:40.3,40.88,4c0b95cf970257b33270508b4fdc41ba6c7aade0d7604f0a3399f88f11ea0439,0
683a86415e8852e583c744f9b0ba902d03c4b2ebfb5ffab76df1705efdb76752,user_48,station_6,15:40.3,45:40.3,126.3579314,8ddb9faa935bb97f4702d033ee2daf569188e301528365e02f37609feb5942b8,1
e83bd0a1764b9c23e5bfce8ea4a61c24aa06f9f71b1d4706c2c38ac0e4f2a341,user_42,station_19,15:40.3,56:40.3,80.14890834,94c467bd9a8a05400d06654dd12cf4120d98c65edff75a064c0114e1d497d035,1
b1353af436ad009508f5914feeb14541f5a18747f0591d478d8df2fcace2c860,user_87,station_10,15:40.3,02:40.3,95.25071428,ce77ac8aef9d67c397a4c13d57d92c2b0256ad79210f52b5a34ff5b5002d0c27,1
f78a7e497fb31c994ff668cc41c00bebab4b456b439db208f23dce7b60da17bb,user_84,station_19,15:40.3,51:40.3,25.91,646253e69104ee98fc664633ee8f271258be37b09f9319ce5f188dcba63336a0,0
69f28c0329389bb638658bf4c875022d123f14f22dd1cf55a8b0a020a78a093f,user_81,station_11,15:40.3,26:40.3,59.70489871,1a9bc273843600c908150e19cc3a416bdb0f5855ef3888b055b5210da9e0e9d2,1
2d8fb818b143fd232dd38171bc88d685a4c36311b1caaab6f8957ddfda4755f1,user_78,station_15,15:40.3,56:40.3,7.08,a5ba687fb192b4a3df61da2829bd11223ea3ff29dceb76878471e1f641d25ad4,0
0db7e7496b6cfa7e93d758a591fd0f60321b49e6e39fabb6392bbb31f6dcee2b,user_38,station_9,15:40.3,40:40.3,28.96,108fc7c045a6f37ec816fbcab3b3c524faa1a1b67813b9bd0785b6081b972297,0
f069b2bc17d0b5ac9c1ffe73c03f5b463c13cdf420c17177c1f63f6c063bf9d7,user_14,station_16,15:40.3,09:40.3,38.18,35410dec141a541dcb60df8c5441d43a4b74eec47783da4478da6a751d1c6cb9,0
654da72cce5ddd3381f30094e9084b4a7078449d11a7cc18a36e6c8a1a119ac6,user_48,station_4,15:40.3,27:40.3,31.72,9a0815677270e14ebb292f5b5066f9965843a7137cb830f1f57f5716b5056e9c,0
68815c2902e8229ab01eb248f0528b0bab7ff9e47186c679f947821f8f631781,user_47,station_6,15:40.3,50:40.3,127.320709,1f05ffdd9e6efcd138857093327f50b3f7ab6a8893711f8aba0cfd8bfe1ed553,1
60d685c505c9a5f439d9ded31a16818fb3b9975b95909bf9946d92812e37809a,user_43,station_17,15:40.3,03:40.3,29.11429022,6ebfbc844fa594f4793455516979e81e2d9c0ed27d1dc7f309a55337527aec9b,1
72ad31faebcbd5fbbfcb3260888c2d3b08635d2780882da04f0ea497b4fda7bc,user_27,station_13,15:40.3,25:40.3,56.8921992,1ccd59c54337f9d43b36e90e01bf21865d758bfeba27811005124d23b57e3387,1
f8eed79424b1da969c505e3ce5f7c633f123509212d1171f306b7975296f9133,user_22,station_5,15:40.3,26:40.3,78.2553684,2b6825ceddce81d5d6945bd2b5f0ef8bda15ea83c006131dbdf552e4d7842e40,1
3d7e29f478aae6bc67b2ddea0ca197f476660ff0ec1c71b59758d6ff4876e2c8,user_10,station_19,15:40.3,12:40.3,46.21,c25de1c86d836aa489f55915fd31adec87674afa5ba94cb24ac863df69d45371,0
b7c43fa9e991fe771635ae7fc86ee83666f8c00814c93d79cf7ec8b5f651f8bc,user_78,station_6,15:40.3,01:40.3,43.29656373,5877104de0f45288fedff62f4e9048ad72e8974da17c4356833dd462e1c9b492,1
699edc01a52c92951b856a40daff54eddb7a4a97bca657429103b33e9875eb1e,user_88,station_18,15:40.3,26:40.3,34.89152299,511f29e143f5ee88122e88120bff8d0d2f2dc00a5fb303c0223640b52c92394f,1
cff41accd1c8a48675c824d01e952517fcf5eb610c7b711108b36259ce021e57,user_94,station_13,15:40.3,14:40.3,31.79,6363b541b4fb671ef4374d7360adaedb69cdba73faedd33cce6181d81be137b3,0
5984ba99f956261c77f73945377d170acd64d4be55a1996b1112255dae552755,user_80,station_18,15:40.3,37:40.3,20.62,ad25f5544437a9c14ae9fa5817faea144efce4613eccb4c6a71781a78525e3c6,0
cb7618928294c711fda711b67ec43fbec7aac3e9d1620d07ade44fce5bc1588d,user_46,station_9,15:40.3,01:40.3,27.69,14934d965238dfc53e6ced4abf469f4412b9bf2e20d4defc4abee815207eb18a,0
c333ed76e218f6871b92552c0e0655756b91232a5d661f88c80587b45c1aa2dd,user_65,station_16,15:40.3,13:40.3,39.11271646,103481e4b9439fbdfc25d50301edce78c994700b48e592fba34863eb1f3edb43,1
3588abfbaad795ab3619ce67798765e8add52c555966c1f0955c64f625a85b66,user_60,station_4,15:40.3,31:40.3,28.86966819,a9c6db031f2500d80db0bad4217f3cd14472b4f1a659b1b4ee9ada0604aeff41,1
236c7a3a9fedbfee9ac1bdd64996cffbc38edcbdad1b0aea5e53fc395c7a1682,user_51,station_6,15:40.3,12:40.3,19.78,201308a8eec39b34257bdc3aa2531b7fbe5670e4691e6991a2c9cb7f1df08192,0
e0a4819e2cf6dbb68d95fbe91da4d5fd30489ceba9c4479ab5f9e4db2f317a1d,user_44,station_6,15:40.3,08:40.3,37.12,59f7df52dad480e69508e7f54c5afe02da5ca243e27bbc0de77dc2b89badcb49,0
4ad81a23bb1107391134198551bb2dd13caf85ba216f66857ce7fe88d3c0b8c4,user_57,station_16,15:40.3,15:40.3,31.26094549,6b2784c44d1e1ebbfaa58d7cf0fad26810089c2c5df42b9a8f35ae7abf1cd544,1
e3584647f616b35078288d2d8019a9fbb2f75117b4481b81791911f0632f896d,user_10,station_9,15:40.3,50:40.3,82.82355667,2b31203e1ffbfd9c9733d2f4d06252581fedcc9053517901b9e2c4e608b92ef4,1
34f60cf403d79cd0bfed3f1db2729b4c8b2f3952ad3b0a648948cd1abd1a0d18,user_22,station_7,15:40.3,15:40.3,35.17,4645f236451ba7abd13797e2a09e8f14f19ec1e1151149256f8c492cd5ae9e0b,0
524e0381f37d81454cfd6b720cdd1bd56e20a90f2371fe4a447570c8bffeb733,user_70,station_14,15:40.3,21:40.3,37.63,ef18c431e34fde6cde483cd9a358b2c6fa2c7869c0796b460aefd2a4f94714d4,0
99205c25b74fe4b761c6a6754fa5a2708565d8ccfe0794b9880a650c160bc819,user_82,station_5,15:40.3,15:40.3,79.19112043,a042fe39a841c775b3ff7af097102fa7ed5155d2e346a40bb2434756b33fef14,1
c89b42adf9890893c58a332300b2f094e57ea9c29f6e478b5d0a3dd81206d6e2,user_65,station_8,15:40.3,46:40.3,27.72,b068a5a600006c7c1440503672fa7aae8c95dfdcb03d05ea2042d101eaf5a741,0
8e00134886ce05326fd4c26bec1c77cd3a0f4bc26d009620483556062103c556,user_33,station_17,15:40.3,30:40.3,74.21844978,0a6d1b120ee6c143e00ee0957cfe3258a014f7b9ad86c32d873a5bdbddfb4cbb,1
f16bbc3f2d3fe6b21e11860672e11144247ed58e7de20ee6990540b9bbf4e397,user_47,station_8,15:40.3,13:40.3,37.48,28c93ba59c61c42b311a173ac887af8b7f0927ff3a77af284fbd78b853520f15,0
ec7be2df27975a52ceae8991dda5d081277796825061a34671932354d59acff5,user_26,station_17,15:40.3,05:40.3,109.026136,6bfd0d9816a49ca27e96de6bd2dacd7d10ba1a4a09d018f3dc3565660a881afa,1
54856f1f4ae7624d9f22762fdbdbb095ed025fc87405da54577847af900d8562,user_91,station_9,15:40.3,54:40.3,7.64,87705c745d3e0156e35e6c0d89b06e30fba7fe99731ecd2e4b94f6b1e4a652cd,0
aff810633641fca59b0cb7aa52a724ceeaddfb784af84b64b00cde32a19b1f0d,user_20,station_7,15:40.3,54:40.3,22.07,45c934aa472c13b22871b7ad5d5b17fae634c61f50e8f7c1a52a28afa083b511,0
207142f70a24eb7f3a2f016f47d6208373233527679d9910d996ad331baa4742,user_7,station_14,15:40.3,39:40.3,45.37,df20aa0a364c080ca53ffec8804d15929cbc6e23f6b52ef3f5075094ee022818,0
ec08c2d12f9a4a37bfebc372dda1ad746a741619665fe018836a30a08252879b,user_57,station_5,15:40.3,15:40.3,42.06,968580866bbdaceb2553d46a3c34a05344a17ba7bf02677a14ff35819d825de1,0
38ff71385050f5bb3fc3f8830d27c55afc1f2210d5acead3a9d49db197370a92,user_64,station_16,15:40.3,22:40.3,121.1973734,8e53f9ddf465e6b94404da496799ccef69abeae0bd0db934682b76ff66023cbe,1
23915c3dec3aed8c5f844b09d526fcbaecdac347f4d5b95cb0fe781cad85be98,user_25,station_17,15:40.3,03:40.3,42.28393849,cee36b9144dcc025b0990d62a27232651b2a29405c0ef9df49446c402e672471,1
b77c930513921d303172df88a1073fbb89aab30652627b13f744a8b3e7946410,user_33,station_14,15:40.3,54:40.3,32.5134812,459723783b760681728b927e785e23494f10ed49fce4cb27d867b5241e4fd25d,1
906e08c5072bb70ef37e4f47c6a758b1fc1f0d2be168582d8a62660f43387629,user_21,station_19,15:40.3,22:40.3,42.82,a3f4c5023c71b996bf4278e92b421c6a3bc80191bdb92a4ed5baa663f4d4db9d,0
933fe49d78646ccfb03141af9bf8155b81662531cb3dd4da3ec305cfc64c67e9,user_48,station_13,15:40.3,44:40.3,62.83183476,6634565557cd28b89dbd53a56e04c96e7f3ec0fa57809c2827e8f07f667d2932,1
90ce643e472f98c02776957eed06b2118f0c3290a12fc94e28fbef1e8a934576,user_44,station_17,15:40.3,59:40.3,118.2119946,3d739eb827b402146ab214e18d3386aeb4d38ead6f38b653c5dfa264129134e8,1
df7967cbd869217d3c4aad9739e093b3e452d13201f9c21115cf28540530f403,user_29,station_14,15:40.3,26:40.3,77.39161998,b5ca232e6d4844dfdd8b53e1d1b8d7f764b273029be7371a5a5c7b27b6ec3d28,1
45d7bf284477993785035b35e76180f41b712d780dca064915ecb9cfcfa2c2a2,user_57,station_17,15:40.3,50:40.3,89.76288358,86e758dc35b77f89b0c7b25f4b955f7f64979a535941f2a1338acefceb4718dd,1
418dcec2aea73e1837d79ead1149678c89325c3050ac2259d1abedc3fadd3480,user_5,station_3,15:40.3,12:40.3,42.35,f3d3c4456d9f8ac18ac5e38708873fd5527e3bfa4f5f28b0b82b275868182cac,0
de093ef3cf65a84a89c155c30ca932455a5f99082df956bdfc4b7f28cf94260a,user_24,station_13,15:40.3,45:40.3,33.17,fe2a5e8050bbdfb46b94157b1681372a784c5e0e012f6d99d87a15eff3cfe4b7,0
47795d1500531e941aaaf203e705995e4ec2b5e36f699910aa0a74cd4ad0cf1f,user_23,station_9,15:40.3,05:40.3,12.55,0ff2ae4c028a9006c24e28ebbac17ade97fccc48a48a46505343b9efe52851b0,0
f0a6475f538c07a1ed3228a1df254c6fda360c442bde98410a9b641a4df4f9c2,user_49,station_18,15:40.3,41:40.3,60.18268522,eacb101311ace5702cb5fb9de5df79c79d3cf857fefd67645479220c1a6ba177,1
e61863db1ac18a091ef0118e1b4802dbb9adc41e3125d82a164c023b10efd166,user_5,station_9,15:40.3,28:40.3,39.01,f951d67dfa1ddd7116a9d73c1021c78f4e2795597e018108e289d0d94e8bcb20,0
61f5452efcc7c382613aa386b8890c8b0b3aa15707d9cb6ff48fe23c1dde06f0,user_21,station_9,15:40.3,36:40.3,42.75,dc534a91e99e36e5806d33a0e3807d71e490a21a4a3a04e15276f29552836300,0
7bd8c84064c4fc2c53d6265796801c8ecc10dc064280fabb66f64e1f7f4d9bbf,user_59,station_20,15:40.3,56:40.3,69.11689282,8ae26a7143f326145e7bf96c6b8533a08facd07ec77fdfd5ee78e6819addc343,1
3c3b37e5764f4601ad2998daa1f42038241afacb2faf0d8e63011a08b90baf2c,user_69,station_20,15:40.3,04:40.3,22.46,61687dd9640a0f3e14a40f5e2d9e8ea3077edc2a92ae43b76a2691aeac4018b3,0
3fbc065afece3536d5a852930bc06c9c9a78297f95b817cb3243631446929d9f,user_55,station_12,15:40.3,46:40.3,12.52,19a5b67ea091aca2eaf0cce232107b4f1886fcde37f936292367be338fb17ca6,0
59e152d9f3f5ae4cfafb63d3848ffc9a5b74c5c5793f74713d2f8af41ff6dedc,user_70,station_14,15:40.3,49:40.3,30.88,13092d74fbd6a66cb45511e10af1c03a014a3dd99850b3504f2c11385be22a58,0
f0dbf285141e76f0e1f1747425e4fd32b9b8ae5d58d8190caedaef28face4afb,user_53,station_17,15:40.3,12:40.3,14.1,b7e47f88a2b186d331c1d9218ca1e314bf1a8c882fe66b735ee945349caf4658,0
d87a675db18f1134d9346d38225c85f4895c16e4d1c3865f8a90d807ce3846ef,user_86,station_14,15:40.3,56:40.3,6.58,a03d7d8893750578d24035d8607ed1412e948560e0d89ff695dde9f622375d4d,0
e9d75e07747eee9a3ca4af697be66cd0cbbe9f7819ebcba024e562f07ab68980,user_58,station_18,15:40.3,09:40.3,16.59231253,d59876e47c630df7749b9236d35405e587c6dbe2c5337286090e8645ff7a728c,1
ee86e2be142b23382b8583aabe378bff5e166056cefe556847c15cc79593ad71,user_37,station_5,15:40.3,42:40.3,56.02679077,fe927a8c4326ea62177f3ec4976d3cf22502c63a1600bdc69f9cdc857e4802c8,1
ae9ea44ba29cf1573b7f97d87f16f1997ac10812d09e021b93f8234dd2f785f2,user_41,station_12,15:40.3,24:40.3,64.00731008,1c157e4aba2fa2ea1bb359afba948395904dd966210d6dbeae84d277a554a3b4,1
bbd6df6724851711ac8e67a715689ad284143800525334b1036b48b715016a72,user_60,station_4,15:40.3,53:40.3,43.12,36d82469d3c6027f536ae85ff920ffcc847f8ca3f59f298276a0888df15d774e,0
496b73a80aeed22f542b06198f7ff8ad8479b9b13ffe5065464653677168d372,user_33,station_18,15:40.3,42:40.3,11.4,d64545899cee789ee62449f46998f70af714175b00401854404720e217219692,0
43d632042626a96f090aa24595cc0c9b53269d7464c6fa1c9e98cc71ac091cca,user_100,station_9,15:40.3,51:40.3,71.4961585,784b28a6fc64196c9e7cc81cd05ca7534fbed60964d5d8fbc7dda4e8eec4a227,1
ad10184c49d64dc7c79abf74dadf4c1c970ce923d63074acbf248b21b5aa1be5,user_63,station_2,15:40.3,53:40.3,46.06,c83f2fd9268dc3708f86de2f9adbc491f2b1afe775e038df1217f1c47ec9334b,0
6675b4bb3a00a40919458aa22bb71aaa84402f054224687d247c923ad9c63fae,user_90,station_8,15:40.3,14:40.3,91.60065526,479d4e9ac7e8e6e65007e560b2e065365a3770e4948aa6d5188d74f6d299f5ea,1
1d3e9cf7f6d5cd5edccde731121a080f2983a71eef3995368444e7d5ea97718a,user_5,station_4,15:40.3,54:40.3,83.02566632,499ecb61c20e3fde9af689decc39d671ce87c90b05dad40b72f48b087e8ddf58,1
ad57414af026a6ee7caeeb492362283fa66b7a3673b89a1a44397a037f7c8510,user_47,station_3,15:40.3,12:40.3,45.44,1322338dd653e37147d661691ee7bc81b2bf463209bdaa0a448c1419ac02b9b2,0
17cd726e7e17d91c5eaf26d9a38a9c97247530f18695af337b1052246baa234d,user_73,station_3,15:40.3,17:40.3,92.36943542,5daf4012ab8833e755c3b9be67c1bb4225c7fc25eabb71a2ae60af215b1b2e95,1
ae115ed8aa7437510bcf888f0e9a8c3bcddd5d7e898db32d80c45ee88f9cd5c1,user_52,station_16,15:40.3,48:40.3,11.68882308,00a050b116609c0451f84036332c84b49f171d79520763c4614f92f1ee9df15e,1
a3f44f5a21db65838120e4e6738cd8d15833663623b5e928a5615d4a8a00c4d8,user_81,station_7,15:40.3,37:40.3,49.92,839b88b00abc0b8797cdf411f045e6acde968590cd757a9f6903a472c2ebf364,0
a46848671a4823b5c70615f3e53a40922823af3459442b95dd12315fc99b2794,user_40,station_3,15:40.3,17:40.3,40.17,4a3b8c3dbe729ca0efd9e0cb5dbfd0b2a17960a79c2255cfe99da1cfa5ecea72,0
08d564cf5d5c7bfef084835e84800a9012573121985110020ca1dc7b413f6582,user_95,station_16,15:40.3,14:40.3,28.13,af5564645e1530b4ad7a6cf7413d8360b1276ffe4207809537ffe5b66db9443b,0
78ea86aa2de3ad879a00ba9779f30ed86c2e06406e95e433190749d3791c2735,user_51,station_8,15:40.3,55:40.3,91.9985203,8e15a268851699c9f72d28b679232852124d7e87cfd56e017f97ce7226b9f46c,1
897fbf5d4062144e8bc5adb2b39a782c5ef9f097d817fe34d475f0aad0bafce3,user_73,station_20,15:40.3,09:40.3,38.53,410917d1c825e8bbbeeee41862e1a296fdfa99ffee2d7c55bd57c2925e3c3f0c,0
a2de0673b746ba594c60c7a6ffc9d506ac11539a79600158a36d73bf2b9f50a7,user_86,station_3,15:40.3,14:40.3,69.91218715,aa66b939043d635eb4dfa93c6fd56ca4fd9043a3e620166db28c788e2783cedc,1
56aeef96d293742fb0356e4e0479e96d4e82594dadd67f38775956e796e0b7ed,user_62,station_19,15:40.3,29:40.3,37.12,0811fb3ebfe7acbc8fff873fa1a8308c4e7265e05b93739418275dd51c14dd90,0
b6bfe27365d09f6453d0de232da2f52399011137cd5189c49cfa3a576d45068d,user_4,station_8,15:40.3,05:40.3,25.96,8457f1ad065f9378c2eb255fbfff941cf14896aa7ce4cd7b986b1519d35cf60f,0
9cb223d2b5e3f3bafeae50900b502020fda4c8bc36b9acd53db614be6ea79b83,user_78,station_16,15:40.3,56:40.3,22.68815074,4bb5d6000c866e20592367326b05f20bd504f8dd755a45b4b26febcb904d759d,1
a918cc44e9b9bcedb94aaf624fb604604632c63230376e73f5664fc5cec7f0cc,user_89,station_9,15:40.3,05:40.3,26.98729318,d7e10bd32a5d5a5cb0099f8d1489f1ea692215430f232af2a390f576d4ccce34,1
9e5ef342c6ee7efbd755420513755c8cc8b45aae93d9a7085dd9bba50e93affb,user_5,station_17,15:40.3,17:40.3,34.18,fed26a573c6a20af4b334e461625caaba3b2d439d1fb2ccfbae351b2bed29b12,0
8d2172af0c5e674a68ef565a2efa381211904089c408554675777402c252fa31,user_58,station_3,15:40.3,14:40.3,10.52541351,5c4e15dfcc160d564a42ef3c7192a2163b1e4b076c1f20db4068154b9bc099f2,1
9154f065c183c4b2d94752c64e2d6c3ff9cf8bd1e70672cc7310d03d24b0792b,user_2,station_5,15:40.3,40:40.3,58.50020978,644bacbec3236b703409d3c6e2605ddfecc0b26ef938f0c9e1469cd9924e2236,1
e88368879c89a301eb16feea20018841f039a0f354d3950cc7660838beb2f1f7,user_33,station_13,15:40.3,17:40.3,50.51371413,3525f6937d9bd1279f4455ccc87c20c1c4ab59b41c3152a8f007b86c7fd85cef,1
6e5b14ed57466e40f97d6d99254170066972e22cb1a3a5f00e20a19b282ca4df,user_14,station_4,15:40.3,51:40.3,57.35790537,29618639b52c313a28a21acdeec8267a0081f0a13d4ece787fd3ee82f950e563,1
d3e0cc68d05b5cef03f77eb173e5b8239ce3b05684d2bacaf28ee9547967ea91,user_12,station_18,15:40.3,03:40.3,29.66,ac41a2e23c0d868ddfac3dfdf1827c4366f35a8f30a4cac44dcef18391e4229e,0
34fbd1b107e722139d76cc4f54460d51eb4bb24b2af3a8dcdf9f92b7b8c2a182,user_70,station_10,15:40.3,56:40.3,46.67,e0207bb777137322323a70e3ae08f9d696dc4b5bdfad1460286bd242c9833244,0
28deac79ab200be7b0505e3db2cfe10d039d48d79ca442fb8b3aecc6f653ee9b,user_14,station_10,15:40.3,34:40.3,76.44366787,7be387261586b46b515c7acb75d319db2f2b93c4b6c31ae8bfe437ece48c63a5,1
29fc974b34385ccae10f88cefa604be497379c752490a67b5eb158efc7557f61,user_97,station_7,15:40.3,12:40.3,43.46718764,3f0a17e4bcfc7874c57e5c86065496e05628701e8ad474acc22b16ab98bd7240,1
392043de9f0631f28d957b79d5ba8b4c25c6f61fa72752f57daae7e0901e0f5f,user_11,station_10,15:40.3,51:40.3,25,c36f5dcd41bc2011f377916d9a52063085159c3b5a67464754d04d77eb573286,0
b29d2b26d665a98a954ec9849e5dbfbea2c273e048476b3223de89d520e760c1,user_82,station_9,15:40.3,27:40.3,29.28021583,cb03d51d44c7fe550e887625a42efd7dfcf0bd1bc6e491707eb2c5ab8f335036,1
17812dd7d9646e7f5e4a9b8c6f4b3f564fc078205bf4a3a2bf3f6e8dc771dd11,user_94,station_16,15:40.3,35:40.3,17.2783583,eb6a8a0c81148b3bf91e5f9ef9da7b889949cb7955c919a6a7b6efe904aec8ce,1
c4df40c7efe7b6749f1fbe5fc06b07b345d179b8e64ce1b48474c647c42649b3,user_26,station_15,15:40.3,22:40.3,27.09,8cbd622741643af91aa7a58473b3fee26c82d368030d6b3d814efec470ae7c9b,0
e7077695e59bee5ef4a926223bfcba3cecbbac0111109e8973fecf1c684ddfec,user_40,station_13,15:40.3,45:40.3,30.82,e045ba64d64a364df01082311d2b668822924a71b4d5e8769a78b3f1852eb49b,0
7ceaf75a3d0e11d846a42bacbb734528d5f6fb1496c9c9ae29eaa3e1e6cbab0d,user_17,station_8,15:40.3,25:40.3,36.4,e3adc5d2d1231509caeaf7efa00e5f2236f337a814bc8b60f719be0b48e2bf74,0
540f5990ba14a43acbbe89579da3462e47809c14ca320a23dcc77d2802efad93,user_3,station_20,15:40.3,20:40.3,13.99,418bc19a08f0c2d4f969edc44fcbae73ec66258a4d02623ad826bbb66c7433e0,0
85b81e5fc7e1ead28e4cc3b5840ac6e0159442d542eda5b09a187cf83afad3ea,user_7,station_20,15:40.3,32:40.3,39.15,2d61998c0671e3b5deec9bf181d14f53fdbe81c535348a4ea889b479c368627e,0
3b815408d82c4c5820012dbfd9b18eb34c5fcc3bbf20b22963def11cba499e87,user_81,station_12,15:40.3,47:40.3,103.8504499,f1daf337a494bef679525f03248bbdb7df2792500ffe71bf191319de1ac1da65,1
ed64c69228fb489b7716c0259facc21c6d72ddaef8b460488c5030cf1deb06c7,user_13,station_13,15:40.3,12:40.3,31.15,e29fffe4b287fd83bcd6e8e36c17ba61dd7adb3dd8b6a5212767355365b4c41e,0
cbabb8bf2a410f133071c2ce49e98bf9c72fd6411f79ebe199109801e3c9657b,user_82,station_6,15:40.3,52:40.3,15.75,4b401df8de2c85e18ae6a9bf9f73667f46f0e97f7b7da486b35f2631718f2684,0
afc166868746aba61bcfc484b0c7067170a29861389ce51fd19efb35981b45b6,user_28,station_17,15:40.3,18:40.3,65.12119278,593b0942dfcadaf1d8f359cab05d271b16d80f96b6bfea25abec33682be5a44e,1
ebd2d6f0a9d0f7295e1c23c15dd8ce03d2c0b94fd630a8aa33b2d12bf6d37a50,user_100,station_1,15:40.3,03:40.3,111.1158538,647b8615caf9080dfb0c64e69daab3c8285074bff3ab08bf897ea3cbd9ae1aa9,1
963812a1b5b91e7331afa21307b2077cd4d034aa9a09d8a073afe8d64897d3bd,user_61,station_6,15:40.3,46:40.3,61.33530306,32d8b8efec231411f8f354e9dfaa1f351b07891630a795467c79dff75dd938d3,1
78a615059da0e7ca90b1f651011afbf8c1a7116fb2121af0354b33ea843704da,user_50,station_1,15:40.3,42:40.3,86.13571106,3dc9bad592549341aba7694de9cc15fee11a7242bf9ad93a0c1272eee2ebdfcd,1
70fb5484bd113f17fcfa636dd762aacc46daf9a34a8728de85292e7e140df55d,user_86,station_19,15:40.3,10:40.3,39.02086535,e0a27f64c4ed730d04721589bd97133cac29bbbde3ab3293aee0f6dc6c234e60,1
43ba1a429de01559b1f4e24467c747ec74e6e1f04326b66faf952207c377f69f,user_72,station_12,15:40.3,29:40.3,35.05,402be9d1585c55154108928f2e5cf32ea191658980a173121578792195787c20,0
7b756445fbf33ee8a09771079ccb207e946fa6dc64a80ecd49fcea9e6933c1d8,user_12,station_7,15:40.3,19:40.3,46.72,e3cb5e390a9ee26bdb3d08fcd60544de46c6a28c9776af98ee1bf24a77b2ca2d,0
eb52350d10f529ae24565d45c1c278796a7195b6f3b177acb886150a15710fec,user_95,station_1,15:40.3,27:40.3,38.59,57b848b7e7516d56a6fd1912eb558c9383c73c794410f2aaa4c8c39fca509e17,0
458da36e977abe202dc9bdb12b0f8723151be397375923c89f830178a611ae7e,user_29,station_2,15:40.3,00:40.3,42.27,9a8e934475973a4777d13408612fe916e4755121405f96f30557a26ee1c330bd,0
bd1b2322ce9f7903bd53e1a636c2f84807c3eda191bb77f5539a4a6cc3afa3c3,user_14,station_8,15:40.3,58:40.3,15.27,f42c6eca84578e2887864eef613c5e4d368d1c7cbd20c7006a46f9fb6de33787,0
c97ff9df64cf9e406c5e427b15b79382826f19c3c7f21d924d78d46286acb8e9,user_85,station_12,15:40.3,09:40.3,11.72,48224ca991d6ae24cd7b886feff47e0d413185b15a09639ff561d0e43be55c04,0
d8c1d5ddcce6fc8dbf2c3ba2ba995fa5577546913b1b59ea7b8c3871b749f11e,user_15,station_1,15:40.3,26:40.3,126.3186937,56a623ea13ac3062acc24b588c1a12c4b3b41298b22f0037867514d8f3d110e5,1
7eece50006fc6bc97ce0e0b10211061f914058da9ba28f93e934bf0a2d4d57c2,user_47,station_15,15:40.3,27:40.3,107.4337316,c6ca2cbc91c7966c72aa56df4f69939038a417c997f282a8b76aaa75b2014958,1
9c214bd76711b9ca7f386651dc672edda37ce194b8bf3f19f0fd39177a666df5,user_9,station_3,15:40.3,59:40.3,92.80995905,332b53dd570dacbcb356d74cddcd8523ccdd35bf49fb82c6e4564628b198e20e,1
621b76653cde567e07960e824735aa114ee462e991bb94d860e0d143dfdaf5c6,user_10,station_12,15:40.3,45:40.3,49.18,ccc2c0aa40f5b9e17235a0ab5fe7bc45f910f400e3827ed199290e3499165595,0
341d6d8e4cc0d437d4fb95284bf64e9affd4c6b3d7ce349346bb77413dffc16c,user_64,station_18,15:40.3,59:40.3,43.38568259,73ac69303656e4f964ea6b930f6fa3b1f9d4386d8e4cbbc412c3dc4a745c4d71,1
98141b118bacc95f23012f3e36d65f639a8e6e88ea4a99f24c5323d492670cd4,user_37,station_8,15:40.3,17:40.3,44.53,3e5bedb81d2c945a702bc8b6926a6ec2df3964937689ada51247457345d5c0f7,0
d700eb03a52b558cec438c285ba7304ffb3f09468b8b94b5f909ba5c82043d07,user_94,station_14,15:40.3,08:40.3,9.856737636,8e96e97ca578348db7ae72f9551fe2c58f0709686582121db141d30fed707f42,1
cf05456681e4604f775a3c4988170c1cc58a6b5e9db4a32de5703e08606ca984,user_95,station_12,15:40.3,39:40.3,36.41,057e4395660d19ff79166052ba19e63b676b6b3d0bea4e7731cd6ac80f8c1f66,0
4f0352f3f25680a34aa50491cf16bdfb36ca9aac7ae23ac2a98391c3026fb7d1,user_78,station_3,15:40.3,52:40.3,9.55,c4b07503c83ae8f18aff460b585ea0cd7a0405dccafcfbcbdcb4eb855f32d961,0
2f57a7f05f26dda5e05ae0e98a38b4f95af4bd8d0101639bc3a0f8be2c3af8d7,user_58,station_14,15:40.3,57:40.3,20.68,6b63d047f11481423a62f088619934e76388d9865f326516e1a2e4a2d67b3503,0
542a1a2573e80f95989fd5aebdd12afa588cc662c93ec5143b999cc1aff9bb67,user_93,station_5,15:40.3,03:40.3,15.30891554,074d345ae9642b13cbe84b3435489a3a40e25345389fa53785fef87bfbb15d01,1
e1ce59588c8a744a6fde62b791024592d74338d5a0429273e3388c66d7e6365a,user_19,station_14,15:40.3,54:40.3,30,1e514514d98b736135c550397593ad4c0a324fa6445ffd3f217f356fee928564,0
8d2d73e0cfb4190174d4e7d4d6cee3cd59de33a508c14886901e06e7329d7e07,user_34,station_20,15:40.3,07:40.3,28.22,47d38e804347236a4276bda49b46073dbe23d19bad6de4fdfaa6b45cad7b018e,0
5c820bdeb92aeef361df2e0246c96061e2bb21796f4a27ae4f086e7587a7e2cd,user_72,station_9,15:40.3,36:40.3,59.55237528,7c11d981015072e4ae9444e91578f784a22983cd790b5f4b9d074503cf200781,1
cb4509b63742ac946f8592e32231709e989f7adc745eda0854148f3066721a29,user_86,station_4,15:40.3,59:40.3,33.05068762,f86ad8cf59aa802cf4d5607b38cf6ef8544632f6f0c10fcea78995f27dcf52ad,1
8919ea1bccd1a04f7be4e3a03a23eeb8171249f5c3bc6b019d48e876142274f7,user_49,station_10,15:40.3,55:40.3,86.77317458,e5ab286c470864e9d7d3c9e331f8a1292f3cd9869895d0afc03e2158af513518,1
21a1616b3352a0374479cb439b2a5cdc99de7884d8aa84a5cce8d40dbd6e9056,user_36,station_4,15:40.3,07:40.3,118.7067246,30650a9c6b9cffa83aba4dc6179346dc90d025d71980ea2ba02b749eb72e1c6d,1
8b5c086868b5af9855d54e6768a9a27ebb24cffe2a30fc1232a8b38e1fc7ff97,user_14,station_17,15:40.3,04:40.3,39.77,269e56e02e03879e3774312c6f322811c255f6f1f7606c051aa6bbb80b2f1817,0
d72436c2b0dcbf37b8d0a9ed408e973024743d5a653ca2f235961b5108e558f6,user_90,station_10,15:40.3,05:40.3,28.26,42e8578dfee5dc12265ea7eab9ece56b612462f85ed2b9dab0c1a7d0c8fa3257,0
1be274b295ecdbdf1390d442c83a50383a2e46e24772e36bfec43ed3ccdc39ae,user_89,station_8,15:40.3,43:40.3,60.6017507,d009e84a23d2a236c8ac6f2489411ae7c4a03a797d07efdb7ce66c5306e5a895,1
8df847dc2abe3ffb02bb3b0156ad280416af6d1d67cf1a72dad4add65629a2e5,user_43,station_18,15:40.3,51:40.3,16.77164345,9a101012be3236e94b18b00c88ccb3a4f37b8b8a136752f1746c37df2e43d9ab,1
7e0d30ecf7d3db05d534a55ca7d9ecd57c9a03f8668d06997c742042ad5a8ecd,user_95,station_10,15:40.3,17:40.3,54.41933663,cc24e99ae50c9d8d9991031f01689821cee2146fc90b09ab92174f6ced1bbe53,1
5b31e77407797c25039ef3823028d07a4617d5ae70563273127e9d1dfdcaf9c1,user_45,station_19,15:40.3,37:40.3,116.3605876,7d0501ea9cce97b9477fcf0c3a391dab56c2820bc5d5a11c57a2bcfb16d55a80,1
a82cd71c8c9b16039fd3335f1bf54437ac4c90f8a51eb18a0b63df10f17750d9,user_21,station_10,15:40.3,40:40.3,19.21,2feffcaebbc2c6f34a091420a62a3ec8a0264a30e75a91b7d1f75ab6e6980f03,0
8de5077d76d73777a51dafc1dc3625002340208cebfed204bdaaf6e3e0a44312,user_46,station_20,15:40.3,32:40.3,54.8583578,6ccd2c8060dc9bd135aed29ef38f429d0110e47190724e92a8ff9850ec309a6c,1
a884e97524e987ea7724475eefd4935e5a52166cfea831f96cac32093796bb04,user_75,station_8,15:40.3,58:40.3,44.2226713,9e227bc4e96c62196b2d42640a9251d64ba2cf7c2898e2f726d19c67c3781502,1
ed104dab06931aeb45859200049e800e9f0540606bd167e04dbbf21b1fd320d3,user_85,station_18,15:40.3,43:40.3,35.76,0340c40cebed89570993b637204a828d4f57aad4ac083773c71637defdf4309a,0
d48087e8cf0f44b0f0e08e7b554fd866cb05a633bce227ba4b7dd0078ef0ff79,user_59,station_6,15:40.3,51:40.3,117.0977082,f806e692a7bc6ee57e8916cad1080fccc07a651b75206e2e345fc2355d019d77,1
3ca6af22809617d2d8e4fd1d6dda3b36a860b4dad45ce17668682077d75f2d1f,user_98,station_13,15:40.3,11:40.3,18.58418399,c5f9c2e4e437b09f5f1cd4b6a7c190c2dd5447c41b6bab9141e0205172fa4428,1
338599f04d5f54fd477fd27bd234bd688868ef4f1106a4ea63c29b1574a4e423,user_7,station_12,15:40.3,00:40.3,8.63,5748ec206d4290a872697cfba070781a3df94edf306930713dead8e03206df7a,0
fcc8ba95f2f7299fb3570826f42fe624e3599acd5d7ffe6597f23817f4e4db01,user_14,station_11,15:40.3,26:40.3,7.89,63cfda00952acf582ed9b9c483d46a59a079962c92cdeaa256b1d0db8eff484f,0
c9123f124674ecb0d64e4c9721b434deaac92df0d6f537691f800f122a9c51f7,user_34,station_14,15:40.3,49:40.3,16.23,50cd3d57e145b38a19f091a9d7c782761218b8cfc3c58c4531909c4c070d47db,0
76a79b63eb83c27c2d5b5bebe80b5111696550ac70aa0280d381d526088cf246,user_70,station_3,15:40.3,28:40.3,16.43,a01fe38d1f8628136b4fed7bd1ce89860f46047894f7e9a17c2defb90431a5e8,0
b04048ca62f294c2835bae9de3ed1b8148124ba3380992bfec40378ed5cfc4ea,user_4,station_1,15:40.3,14:40.3,16.02,132efe665ef75a5f0c19fcfc558b104fdb0591104ff8c550cb692709ac71a4a6,0
21ea24cd795de2f4d59d0500787e0f677126a181677ccb7a40c9fa5ce712faff,user_48,station_20,15:40.3,54:40.3,34.52,a19282790dc5efa2c0da072d251569569ef10b8fc32b2ec7f905c2df41aff6c0,0
a55678b0ede3a82c27526cff0499ecec4aca4ae4aeb1569abfdf62f315efc398,user_78,station_2,15:40.3,08:40.3,8.99,57dfb9ffb9333f620a60d4f6d5728048557b2f4fb4532edf36d15d3ae968679e,0
a8d84e933f5f2f6c8f840c2d3a0fd95cee75612f74237dcf273644e6f7d932a4,user_66,station_12,15:40.3,15:40.3,47.8,4e92a0979af2c9447acbcb47d627c0ec767a5a364145418fab3ad10400265da3,0
9dd03c765b1171361d462b9b3490f1a8ad12392633c890ed9663f6be3199c600,user_90,station_19,15:40.3,57:40.3,36.7804844,6735147388734236f3663849241068a3de5d9004db35a07ae5735827925ab3d2,1
d79e958ad32dae7fd9a9944a4a9f8ead3af4063db481f9112df958a1c7643e5a,user_78,station_10,15:40.3,22:40.3,58.00535871,a19c3eca32b4c485050ac7c4d3bd924b809327453c57d6c83f604b8c21a67366,1
3aa93ae6327d70bd528d66e2b0ab3f76fa01647ac82643c780d24a24c3cec001,user_5,station_18,15:40.3,34:40.3,42.22770485,22a67ddfe26b1ee13ffbdf4d376e61e3a75ae0cf8ca42c21b3e4813186bdd886,1
62069575196a6337500ef182b84b25592bc362afc92767e9b8b205c239430731,user_45,station_8,15:40.3,20:40.3,92.34929873,490cbea4334dfdbd900e6891a417cc358f596cb8637113b0350b0ec19d9323dd,1
edc1fff5129bd58ed64cc373d4fe68a4dc637b3bcd5fa9bb77739bfd3e2f40d7,user_19,station_18,15:40.3,07:40.3,54.86003254,9940bbce7f369d7742611ea9fe181b095c36a16d26ac52ddb94729b131b6a2d6,1
6b776579733a8c94b92d018688bcfac15329a9f41398322fcabe5a1c9aa2caf5,user_22,station_18,15:40.3,08:40.3,90.27847812,c42392ae6f93dac716df0341f28f0a3b30c41b164da3d6d11953fd12557fe2fe,1
47f6dcfc911e288171ee880bfa5678d0cf5f90a2bf78a4c84bdbd223b353f5bc,user_68,station_9,15:40.3,29:40.3,58.86448216,3bdcbc2c0c446e0e2d7814235d6fb83dbaab786c8365c5f1297bf2ca357257f2,1
7216e6404bbe9c70bbfbdad5169e715aae87a617438c0bf156f2758f0a1b9478,user_70,station_19,15:40.3,49:40.3,93.19201498,39e7479b17d0aa7ca79a5ea6f07f10d31ed2534e1f425f9e9ba7bcbe0acb2d08,1
eec11281dff274524f8b2c0187b08009d1ec4f14ca6d69df38ba8cd5fe367f6a,user_9,station_5,15:40.3,52:40.3,43.20221169,190c44335d81fcd87315ea69b48c265edef7be20051a69dab0504ad1c83a4a53,1
50f7766261a1e7f2bb52d96b0538824245b1d4ed89487252334b7ab1c28bf0d5,user_17,station_3,15:40.3,01:40.3,8.68,be373e41d7bcb75cf591f0fed6a74e2c982d401ed3d1d0219db2109dd930c1ae,0
fe40c6b028e3e167fc1927203dd416c98ebfdcfdadfab96b8723e87c5ec650cc,user_79,station_13,15:40.3,28:40.3,47.66301004,4e92fb2728dfdac156644bf747937c0b98ba18c5c6fc769a52451e7a5156275c,1
8798f5469421c1a8cbfc1aadb70e541d3c3bacbf149ea1e3e2d8c5b784c3f37e,user_49,station_4,15:40.3,26:40.3,86.31483773,b9be9ff38d60302b0d587df238db5d790f4e0394cfd0c9177161611e62624b56,1
1c9c3db8b730c3128f63dd44e30ef08c844185a34262b9b5cab12dfe9e54f7a3,user_28,station_20,15:40.3,51:40.3,12.2,bd3fce2ab4d67461482ea1873bcd46b47e685898b64383c27a0b102c6372b23b,0
32b95ad58e848857237a67ea8e7700164dd4e4f4e02df7049ae52aa6ac67b9b0,user_17,station_13,15:40.3,47:40.3,39.24,38c1f88426698e38aa6d360c2400d7f7fb676f5b82611b0d548e48405e64afa6,0
73c41f7bcfd5eec04334ecf787f8f79a1f5ae758b8158f68db2e94aa294deb0e,user_62,station_17,15:40.3,07:40.3,46.53,3fc74009e1c6beeb77bf438eccb3ffc2824dc84266727e5411327400531c0745,0
71fcd6ff62071b1b1c41df3e456b726d3f224297aa7042d3efb6111b18c2a8b8,user_71,station_11,15:40.3,44:40.3,18.09,4ba55e8fa938bf4f0bdab752f335f818c5b9e66b9d03bb92174616e9ccb9f8fa,0
7febda5b030d95228501cc970d12f1a2b7f61bff04ab75fbc378c71ac26205fc,user_34,station_19,15:40.3,17:40.3,37.56248392,3dbe03a31c25faf492bc3269513ca0e7dff925d5c140f16890b43e2df2a8e56b,1
064fef16abbe2cab502676b66f2deb40d92b93c8caae7c3ba7bc8d7bb33bc51f,user_57,station_14,15:40.3,50:40.3,9.19,791a06e917bdcafb30ce5a5eddbf8f1ba664fabacc5eeb471b0932aac1111d40,0
f8b55f1c4e9ed8a29b0e28c1863fb79b2bd9b28da7b54cd90d7fbd9e36222b96,user_79,station_9,15:40.3,29:40.3,21.39,1848872fe35194c001203bc31ce1d11dc1250dec7ff18b8dd31f08b3b83f3f0b,0
a2102011bbb3421d30f297da4d27316aca5b4985bbc6c2171cc97704409dffa0,user_16,station_20,15:40.3,56:40.3,42.26,607ef1c7586a282e3d27c828b051421f5f7cccbb00a90028f5ab7e96b925a448,0
2b803113a58e1e3f9a0b716853cb2c2bc3398ce8fd23aac6b5cc4234fed089c2,user_42,station_17,15:40.3,08:40.3,15.03,8ec5a946597e22ee388f635fa83525020f6ab182e60e8406075ac71f806b96c7,0
50d1d8b71409cd645b95df736eb1a59e68fe1c61d0218608a9808b6dbcc10ffd,user_77,station_1,15:40.3,58:40.3,49.44,2bc5ebd2ee25b15126c7a9a6550d72cb5bc680f2b09c9ee99e661cfbca113f53,0
b8d74c76c97344e9a0380896e3a8773da1b6ce45925593dbf3cca408b58d51cc,user_59,station_4,15:40.3,02:40.3,38.63,b97b5418aef393d9a022fd1ee72a8a44c8f3c716438988ccf13e9b42194753e7,0
a468cd68687d58c527e42a8765317fdb452ad91da53ff328157e21d7c9e0e719,user_86,station_16,15:40.3,13:40.3,11.75826079,6f07168f1cb6e0a45e5a7df2eb296185cbbf84733c0d2cd45f9b8d2d37c63d75,1
37ec1051f1b2bd0e900da9bb32c10f7be4a2437bb56c2a1b22c07b645b2f6f3e,user_7,station_18,15:40.3,35:40.3,69.92640416,947a0e10bb59b9f6c360c5805548ef1948755ebefb55b7b80a4abec5e6830144,1
d9d37fc1a5da77320cef53e9175beb5a945e01975f691e380a5e4e335cba8863,user_98,station_15,15:40.3,46:40.3,44.92701628,8d0f1473fe390b2605996939adaaf6137cec3162fc1484336fba06d272a7e7fd,1
ff6f3f3e3cd14df21e951f38e87356e22bdb3de019f6728ba0c4d918539df4e0,user_69,station_13,15:40.3,03:40.3,13.83003794,ba6c660e606f64b6b735c88b04823c03a57f503746c4267d09fc70c171015f75,1
b8d9cebcdd2f7ec3597eb46a0fafea74e708b9fd4d3407f1fc38fd6a382ebb9c,user_96,station_16,15:40.3,16:40.3,23.2,26c13c76d552ee2a290b936b112ed7a2d6af724b65da78ea417bb143db371706,0
5ca5522c8b607bca7a84e55bc78410559c045644ca5737e1c7f29e6c08985e07,user_89,station_17,15:40.3,04:40.3,35.34,5aa44d2e255b54ede90a94629f9ef575126d9fb70db3f10df506a9f372e221db,0
163ddcfef247907654eb21f7eec59f2ed337e456d34cd9a986e2405dcf018dd8,user_16,station_11,15:40.3,59:40.3,102.8800052,64d11eb983e0ef4d68dabb3c31fbc41717bca1f49036dd68a6179c542c92b2d4,1
dd0a59839ee1ef4846c44a49be101f2225b2a1873f26cc1fee53e43ddda66edc,user_87,station_2,15:40.3,46:40.3,125.5159202,eedfc4f31f76429946b833005fa242a39512dfdd71a1191502d316042b905c1a,1
23500e420e8e642b529f878c70737aa96a72b6f0781251f56cef8f7c83113081,user_16,station_19,15:40.3,54:40.3,45.72,b3e48f3da664d3a952c48f2943358016529c6f0b47d5b6a784f1dbb163c58983,0
1ffa350d86bcc4df0283665ec18cc0abd74a24c058510cfad114d8d4fa2a1570,user_32,station_18,15:40.3,56:40.3,41.0881057,b5018d86d1bd73d3e25338690dc3eb658dd381e793c76f8b8c65ba1f9b06d458,1
249f9e5dc9bbeed3ff72d8a830dae04b23ddf49da8ab01c13736816d88dc1166,user_34,station_13,15:40.3,59:40.3,17.91642768,16d1969798d8525b4bf2f63ad24bdccdb5df4b8e7f29dc00a3feb9b6bf8ea67f,1
82463795b6de824d961db3d765882d604a74bc131b7033a84821ef5fe72cc94c,user_2,station_6,15:40.3,59:40.3,16.42,712be07abe6a21b2082ff67368e05afc42e7aad59d30aa030728cc61ab216bd2,0
a7dd7a3beac602fbc3a7a3211d50e62e059b32db73a283c5cc8ff96a37993732,user_13,station_20,15:40.3,10:40.3,45.93883021,f2f103df7740390a5af845530df7bb80cb066754fb87f5a0bbf485222f674002,1
abe27c241b3d5aeae3dce5e05389c0903db8e58b6d4240f3f351ca5dc9a2cabb,user_27,station_14,15:40.3,36:40.3,43.9,3cc34218c7c207d99d5e5177d394baac70637317eb4a21db0f0402da1ed965a3,0
f0015c213f4932850cb9edfe1bcb1840b5d5de605332e8d88914df74b1a1c2d1,user_86,station_3,15:40.3,10:40.3,32.1564059,fd853924c9b3dfd51016a169d7ae8634b6a67bb5c6dbe4d307af3d35ee632cd0,1
bdd762fa3914c692c9f854c449464c299c9210781b8f917b6985da76eaec3df5,user_49,station_11,15:40.3,06:40.3,39.41,7cc2306d2cc319d97e62ec8724683dc5e1ac00bae0f326ec09f9d6aeb2b14688,0
2f0b358850bf03db37e1d9273c40aad20bdfce16fa6f90943da1620be2aba9a7,user_23,station_18,15:40.3,45:40.3,34.36903307,0fda11aa12f88dd907683378d7727086119d2dd494228468b24de1000c40e9c5,1
c6ae34c38e3e39821c3ef1351e55ed85fede73ed2c6f8beac4e6957a838b1c46,user_58,station_3,15:40.3,48:40.3,16.21260188,8cbf8d6bcbf42c0e8d63c86f410b3dfceaf6be2a911e92c031e6a45daa8924c7,1
11264bcf9adc4263c081f5510c091a7b71feaa17d5d46f492c9797a6c72310c3,user_82,station_6,15:40.3,11:40.3,42.77,46aade05bc948f95b17582015c80e7f35e840da37cddd0e6a605f87d47b1dca0,0
66a48cc86e086ca164a4e408f521956d04ad66225646a3454bcaa4bc064e3abd,user_6,station_19,15:40.3,51:40.3,86.61187354,0c2794b1d7bf658bf26833b4492964725513f619bdd78db576e40255026e7fd3,1
c21af64e96863920ebbaad36be4e603a1f96361b83856b4ac72a073bbb87e61a,user_69,station_18,15:40.3,04:40.3,88.0812091,3971fbc9859d6afd41c3cdad009054782564e2d654c2c30717259aeb78a6abd2,1
6e9f32d4581f11379dbad6747afa1f64b41219900628ea77352bdab61244f02b,user_75,station_2,15:40.3,55:40.3,115.4968684,1ea79ba5eb27226bd0c99e2c3e8be2a81e1675ba6d1674f8427f938e33341fd6,1
9d63256c35473e1789ce022b2cd77e530be78f42b310090eb3fb31f4c5135fa5,user_43,station_17,15:40.3,58:40.3,42.71348888,156669c954972e62eb2b8ab699e33d5e2838ecd451fcbe147cd88e545a3278be,1
37bd5798c5b451afe0f90e0f7d912ca4df4bd01ff565d53eb55282f9e2b8b737,user_63,station_16,15:40.3,09:40.3,132.2365802,83d4f9287281ca9c63935d7738053667bd0984696ed909a9de78e569b65aac38,1
c1ee9676e781934ac46dd6550f90a957e7b6649788760f86ebd04f82af71a983,user_32,station_5,15:40.3,02:40.3,7.59,180bebe6a103d0abc1cad449233f997a6781e3909ee836019c5a6b6161e9b19b,0
9581cab490e9eee4de5e85161e771a1fccc3932f509d7d4d416d060a6d3993a0,user_70,station_2,15:40.3,06:40.3,115.9564584,a647820b0e1824ced46868736d7d12548b1c87f2b1e87ed909684e995e827734,1
78f4cabc102a2fcea332692182039d9fc8f8a4285b08864aa4422b41142d5156,user_28,station_3,15:40.3,24:40.3,46.12,947f2a806a873c4591d15a3458ed359b2daedf976e2f6bcbaa080f0c946b114d,0
9db0f72fdc6f062431ea243a53d58d932bd9e8f45ac8559d2c8b71633b801827,user_5,station_9,15:40.3,06:40.3,28.26,604ffcb7f3c44bb58e4acb509126115f6448552372e6caee440b2bdcd087f66c,0
7e71bbd36878b71ab5cd629255fb3e2bf8048687205f0f1cba61aa4181d0b86c,user_42,station_3,15:40.3,29:40.3,73.85314214,2e609097eb6844e1d1a99d3fc4e8f1e5c856cba02fbcb600e121d443e94a8ca1,1
7ebc2a6219e7f06097e908f3a481b244534a83deaef4fea297d225cc705f4748,user_54,station_19,15:40.3,50:40.3,25.12,8e5ab1ae5fd60a344834fd9541ed3f7de07fa391fd89af89548ac800e62febb3,0
1583a67e18d37ddf2d3bb0bd470b6386e9d81f47918e9690a54ce8576b317ca9,user_25,station_8,15:40.3,49:40.3,24.45900828,cdf08fd51bf6c86b16c70fb08d5d04bab05291d1fd43914ebbb575c739e68414,1
acab7984dee04d0e3e4215e5a6a802a85fb7b59f827936b8bf16b221e183365a,user_23,station_17,15:40.3,34:40.3,46.11,2d09e774d3f1c67d1bad615ba2098538f18bf0d9c6ba8fd6141ca78d3439efcb,0
f422d70c77d2d4a6f25e9c21abd6338b4ddfb369e0495ace572fd0cc3f6e952b,user_51,station_6,15:40.3,54:40.3,13.67156204,b7e58e7eb1c83e6c937c5c1827d26c537c879130949013d5caac1cd8d7c05cd8,1
2801ba6a7b20368324bd50899d1dd720d7e73f003ac1d59f6444cd58fac23319,user_62,station_19,15:40.3,49:40.3,5.75,505910aeb6f05742a1abee503131b128ffea9e674ef7afb249c346b7f0bda285,0
ac9c0f48567ac8721e0317cdb549e1c6d63f2372019c0105e621d8a43aa830b4,user_16,station_6,15:40.3,54:40.3,28.12,12b3c854b1ef2648ec631d579f9ffb23ae2edc07c48078602d499eff5ab47de3,0
b4030293cd647c50dfbe98e1023af95a29eb6992a03b16806d7b30b2808c2b21,user_74,station_5,15:40.3,25:40.3,6.63,facfa93fceeb8fd5ef6d13acb8c0e60731036484fea1cdb2c509761274fa439a,0
5a1ff70de9d2d1e99bf8260387305b68116cbfe671507d230b88b097122eda36,user_22,station_17,15:40.3,12:40.3,41.56,4ad35b160adc432affc8babec8a885baab2274d504575cc97dd915dc51d9979d,0
aa827c5321863a9458adba605129b25eed7f04e986ffe9b9a4de028da1edab85,user_68,station_13,15:40.3,42:40.3,10.27,1f00b63980667f51ac4780f18ce6b0e683d908b7422a3ce0a39cda42c6db120b,0
f8694cb9799cfbe4e22fc3e29edf1b294726fe8f5037b0c8d59c497f92a2d4c7,user_5,station_14,15:40.3,15:40.3,23.03,377763efb3859d774eb3396ac475f6230792de1a88689da820967a33088edde6,0
73854550867f797d48ea8aa298bbb8f131f9230d0d91da7321df363814038076,user_25,station_1,15:40.3,13:40.3,7.07,f2e3c0f68fab5eb00a38e81192741bbfc476de2740a725ea6d9140e19e96587f,0
2eee330fcddefc91f9fe8c59a1603f8c3ea190641e3b767f4e748a4a00737fd6,user_26,station_10,15:40.3,43:40.3,122.4266941,de9b13bb4be7df1e73909e6cacce0ec9a5d94b8457b62ab8d9a925e61dabb95d,1
14cd9198aaeeab58df4889d0648d5ed7dac11f64addadd381e304cefb9d19db3,user_96,station_13,15:40.3,32:40.3,68.6353403,c45366cbd0bb9db0e308508c36ca5a09ece29f6b838af9ef1c86a8cbdd36c6f3,1
0dfec468a78a6ededa9accb1e5a69ecfedce53ff4947f06b90dd0f0bd4abc8b1,user_59,station_16,15:40.3,58:40.3,42.44,31ba7650a8b86a0bf203cf989732dabc666a9fd81fee9b8bda8579c60356a42e,0
49654f4e35a3aece872ada69e7867b0886db74043df8278c90ad921c577effe3,user_55,station_4,15:40.3,07:40.3,13.04,d4e930520528c9cc3e85f5351b45fe188aae309f29a1ac59709f6b6ab3b973bd,0
c197b7df13a741bf6c9ca16134b4ba1170c1fd6122ed51dfc7205002c5c4dca2,user_97,station_10,15:40.3,09:40.3,30.32103654,75c26a5e1d73c22a8bc4cea84e9a4a5564c6c7151efe69b6106821f54e1c5314,1
f5406c5035667ec36f2f488ff723477d02836029dd65e4694334d6e890d32f7f,user_89,station_5,15:40.3,45:40.3,7.76,6721a0350fb0364d9da754788d26aa0f86b23d02170e21ebed19d18463e813c9,0
423440ce4f2e18718613aba5adc9968f8ce394751c68beb92e66de40e37e1188,user_100,station_1,15:40.3,07:40.3,11.04633637,5c04e68e1e344ec971729937480b92c79846bbcafff0d75548c497684dfe166c,1
6ddeb4bed1f9a45c01b178ddd19e21511a2d53f2d434a7c53bdddf3f6e0322ad,user_50,station_14,15:40.3,43:40.3,13.23,4c53e4fa7b99c4723f2376c62d4879e2026e6786a88c473ad7a1ec577ce78b6d,0
41688180cf3de647f0a02dd87f5dce3caf0461ea666d79bf3dcf50574c4aa349,user_62,station_10,15:40.3,01:40.3,35.29,7dc3b0abe83223fc277d83947e061182871a1dbb1436015118660739ff9c9b96,0
be67719eb6195af02af8ed92706c27300a283ac9f6b4eb467d742956e62d3c14,user_78,station_9,15:40.3,56:40.3,42.25,fa414fc32f0399fb860b78ddeff73b66ad0d633b9e040833b7c48a4a4de90e9c,0
2964c9f06e641df8c94f1c7ec66dce6bc8357bf0ed0a7353f1ebb7efb4f20d3d,user_50,station_9,15:40.3,59:40.3,55.7884002,c82443903669c82b6e0d0631779c04e7acb8498c48d15e9c3d6ee03de01f4836,1
0d57a6ec3e931ec269274df538b570a36aed9ca92917266a370aee83bb848caa,user_50,station_5,15:40.3,16:40.3,44.5105728,58525cd8a0566c6002a9dd67a258b948e2c0afd1bfb5e8f1650d74aa1adc4a5e,1
711cb670909356880f1e6b047b6c04d07064bc34d9e55ad93fb913073e5850f0,user_14,station_17,15:40.3,10:40.3,31.85,923d683c0930a6528580ead07ce39872d63fd780667e49d7afa41c4b54c330fe,0
d711df95a2a9f735546761a8789d7df4eb761f5757e8ed4adf8a7f9cb535b372,user_41,station_1,15:40.3,11:40.3,8.17,0ab9cb2544d9bb1247b0a2e0c36a1d415a36e20f83bfc9d10930ff5be4d112c0,0
b21fea90cf7b81899fe7b69f1dd84a4ee163b0549aa03018d44fc312de4a1090,user_81,station_8,15:40.3,38:40.3,26.67912438,5d78ddece823c10ab9a41bc1417dd5b8475016975ffa3ffb133dd936f6a4993f,1
4ef826a9ca873024d412a6483d19ec797b5ea8e31b92d72da8732b142607d9fa,user_37,station_16,15:40.3,02:40.3,34.82,9bac2b342a305d9d74c1b20522e8b05a711cd4293c228d90254775f46ebab6e5,0
4794e1cf2d99df4b8cf43ccf42bb375048bbaaeca9898d34031c687a3c8eafa5,user_74,station_4,15:40.3,46:40.3,21.66,332197fb28b6edf103172ff1bdf3d76b2c47cb560ce2e7bec8fa1fa11985b92e,0
1d19e6ff3f15fcd600b29fde6dcc80727a0ac8a6bdcc66207a7de1bdf603c915,user_69,station_11,15:40.3,26:40.3,22.41,51c9ef575a830bd2d0112be50b456cebb37f4a11d7663d5355d1592e3a150eb8,0
db831af925b164af74ed4c6ed69f7aa2307d2ca70e5c8d488bc93731c237fb0a,user_3,station_8,15:40.3,57:40.3,31.31,6a2f54e07db0c018d4a2037b83b59334d94c5f2703166fa07d48614d2319a030,0
5baf8c0d716b73e6e3cc897d3ca8c8d093a6da63d621b746d089c9752808ec9f,user_96,station_6,15:40.3,59:40.3,46.35,aff2df8c4b40d4445ebe0ac6d2fa2023b8138ba1d94f1027e226efe5393157ca,0
1bac27faaf4de832f73c5b9a08036f4f885e4ca3d4ead12a147b5f7133026ed1,user_81,station_3,15:40.3,58:40.3,15.01187138,1873812c1c4ddc86b480b2cc9a6a0b05e256c8526da879c1f2b1969f86845718,1
e916c6fe0256a4959e44730359a28790360147bc17f3b9149b0f72e9645cc806,user_31,station_13,15:40.3,56:40.3,20.24821679,b2ea66f2dc964b95b069cede0e9b534fed700b0538ac5adfa17124e3634eb808,1
9b3a1d6810b5dffb9f706571bddeeb7abda1ea6f4950195832a118e87bbf51e4,user_85,station_11,15:40.3,45:40.3,98.77479799,739f895dbce531904c42e819b611d80355279c622186b89c52548f7078fed2fb,1
3d4829ca04bdd98d9a3a599b3d699ca7766abd459ce738a0624c4b04955e5c6f,user_97,station_17,15:40.3,56:40.3,34.49,f3884b059630228ed392fb5987052f4aee6ca01f157a7712473c728fd3570250,0
eaa3e2df7f7d5d54a5cd4c7ab849c1dba05ab91f97fb1be4a56e25b0dfeff8b5,user_21,station_9,15:40.3,13:40.3,12.99938216,8c0b1cb76fbefe01a94f7aa7bb484fa9ba76133685fea7948b772721f633ace0,1
aebd02310ce483d3165f1bce64c3350f974b8ffc0eca02a8d0155e7b55a49531,user_7,station_1,15:40.3,52:40.3,40.85,4eb8c4e23ea441f7ccb5f06602155d464a73eaea296d140b9159424c2debc049,0
9eba05c6e69732f0c5ff749ed5614d1510d0705262d95f2583713cef1cd65915,user_1,station_16,15:40.3,43:40.3,75.43479937,d097719eb4f36b9c4e2b92a414c413d2f0331ddfefb9e9d48e8438079da8705e,1
bf519d3d206800732192408062932bde7c8daeb50f23717b76bc5229ab4c3809,user_84,station_10,15:40.3,15:40.3,12.77635664,5d06aaa27f894d0ae1086bae8551615233b4e89718517193b8b41bd0ae98b0c2,1
c50e0027f02be973c848686ab2ac00a3e53935ec9ebbe4c754ab0a96c1977ac5,user_33,station_10,15:40.3,59:40.3,26.81,989f7e1f0b0a94adc03ef3da9540ef6e7b63f34bf42bf34cc960ca27ad3e3b37,0
08bb9663e2c24e63426a0b1cbcf1c325524dcf9c9bd466d080372d31beb82023,user_82,station_6,15:40.3,11:40.3,125.813551,727e6173d77896eef73bbe31ba9025bdb4bfee92a1222fdaf572bd76a4752615,1
01bf951e82619352b50f55bafccff8c806b7426d490175f7e7efe8cc3c27dbca,user_58,station_16,15:40.3,16:40.3,41.78,716475ac32313ed978cc00ed729b8078b81f8ab61de029e40dc0733f82b0ed24,0
8c647b78859f36f78655333e5ef6c358533cf6a0d816e5534fd175ac246414a3,user_54,station_3,15:40.3,41:40.3,42.78906958,6d73583dcc4b434089e288b92367f1031e38b77863c55f4a248ef8edc683b4e2,1
dcece18180e7fdc9c7b3cfab683dff34e17ba783b41527c8b2af32e4fb58d2b7,user_60,station_8,15:40.3,17:40.3,23.72,589592de2830f0dd90af7908516aca09adb4122369591c71c602774442c5cbf2,0
44a70c5c4d471ff0654e8a217ff430cf2e853a3adbe2b894e03f88720bc0143c,user_28,station_12,15:40.3,50:40.3,25.37,73c440ee2330fdf19818f29217eb316810e6d13c6ba0206d9572d7aaba89adf0,0
ea3ef2254b5c588e40dc7bbffbbf6c308a04fdd0c48c1b949fe1a342bedf5f6e,user_21,station_13,15:40.3,11:40.3,22.03,4d456c0300ea30b11296c8157e19cba368291ce2c14d947101fa4e24a3ae1535,0
6d5c951b01b170c1599b24735e6132295cf4bab903b93eba9a4b430bd94bbaf1,user_70,station_8,15:40.3,10:40.3,45.15048087,aa8226f1c7bd897c5ea62c0d3a2454f57db137bd63a404601f31f98c42ae113a,1
10fc34c68da2631c465a6dd2fc63c7431fecbe51c4b759acc592d1e71538da85,user_33,station_7,15:40.3,16:40.3,80.06459221,2fce87ca910f0014ed6f671dc578f63e2b3b194a06801ba3f84248ba944c166b,1
ae6d73d5aaf49ae091e50f61b3edff626eae5f02f7f65189421f34632e3fec96,user_22,station_17,15:40.3,31:40.3,105.9709987,31a92664d364ea81be9ecc36af4ec5b0b58f2d92a36f565311e84cc47692926c,1
6f23c13c08eee147bd19759c597d5b7719be499ac5aacf8a2091ac9a0e2cde8c,user_51,station_9,15:40.3,00:40.3,42.89,775c19a1a61061f9a43eaa52d4b73f4a082971893ecbada0d091f0e70ce3e2c6,0
2521272446fd387207be7df6855dd774d71b1ef22eb60d813641c8cbe980ce93,user_38,station_7,15:40.3,19:40.3,29.62,2e1b26755642adf45d4bd6c8d056efd40aaee75692deb6a2ae9a6200afbe59fc,0
fb0e0455449171c0c210b49c21abea73f6b488d8ea6bede7737ea5908f539a28,user_41,station_4,15:40.3,48:40.3,12.99,7732815469808fcbd0d4233bd6a32a8f0e4197f34a774a9408ffc4dfc3971d6e,0
5c8994f5d159d5ffe25fb97814be0a2586b2f2a97b3d88fd8b4ddd09a7cb1fb5,user_17,station_17,15:40.3,29:40.3,7.3,f41ed83e2825e9a77c37ba501bab295730d3a316ff4f08107b3c474075b40330,0
fa0b5dd6554382d5cf3e1ea00a10e7c074dd9f4ae6eac07e3b3eb9303be7c9e1,user_87,station_15,15:40.3,45:40.3,37.68,1ec5a2d50b65c4f293fcc5dfb15d9767d84de56318deb3e76cea000058af78af,0
bfb70efc1c26e7498ae4ee2d5a83839fc8203b15a19d8bc7377e7e76909794d7,user_51,station_19,15:40.3,34:40.3,16.01,916c6c5f55c43a7bf78711532b7cb38f4c7657b25939a7f0ea3c7e93fce14b98,0
81cc3f7389a028ae6e012f57805825a8b2dcc4b3be497826e67314a8dd149207,user_92,station_10,15:40.3,45:40.3,21.44,817ec91d90362c36a447f862e788e2f201f53acfbcbe99cd92729ea7594367c6,0
4e0778bca396be55748c80e174aa8c914df6e325ad1c89ad53fb7a018df8149a,user_27,station_1,15:40.3,29:40.3,119.5214334,a7229b9565dc8e47c542911888248be118a3a7f9ab6359048189eaa3023131c3,1
1b1cae3b15e582f07088b3cda122e0e82faf398457d5b851efc820f2f3cfb487,user_6,station_19,15:40.3,05:40.3,44.21,8bc233e22b3a9d95fb2b2f7ee968160239f60cb5f152375d3f71af3559adf967,0
db547fd747a54b22b1746a4dc075086dcbb07c6671d97442731038b7bfb7f499,user_87,station_20,15:40.3,11:40.3,40.14,3c0315a1b53b998f658316ad65497c88d20ec37f5b77a9574354e98d9a5bbb99,0
2bbc560075901d679596ec559beeafa8c258572f8c2488711ff517f8fba2504b,user_47,station_5,15:40.3,43:40.3,37.35181976,2e0b5c0b2255e02b74c9261dead518e0aab45a4009d5df80af225a826f57b421,1
e0c7ec7ac578a98ebd2d8872b203ea77a1aa08663fc66a11ea63bb6b8ef9affe,user_56,station_13,15:40.3,01:40.3,35.08,9a6c30826c3547e1c0982d7ab39b88c83efcaf289d7e78a2e9329bdb9096cfdc,0
8802615f3d56aeba8f35d5504631ea321702316cdb4074d739d2396c7bff8efb,user_29,station_14,15:40.3,20:40.3,33.09654748,142efb4a224533f7283aa5d4d3aba8a7972d9e6302e4b20d3389c77dcbe7d3c1,1
96ca15267e786f7de61ecc147e8b0aa965aeb36f0eae8596c31dc8d03034c92e,user_5,station_9,15:40.3,51:40.3,42.39,a9422e1099d39582bd1efdbd38c72914030d25b2f3f3438b85092f7514958ed0,0
42b56a593477e2f610d0554b4f88384bce7612591be6be5bfee5916066366c76,user_6,station_12,15:40.3,47:40.3,86.93642233,af090edb81b0c6caa647aac165414943c4f682f282103afbb6d4b4a00af963ee,1
53ebdd6f6486238ea3b009cba75f95a4dda88e5eb4f58ea1b4b64efa793a3463,user_4,station_15,15:40.3,50:40.3,35.42,0911cbda883166e1a12f80e29cdb182ffbef16ba6553c57d5ec0fb668c37fb9e,0
3340194440ad4124d6c039348159f25e8ba505c303ba9b8e47309113cff93efd,user_39,station_19,15:40.3,58:40.3,48.23,b8243e9701d2a66d1616418be045af79e4d1fa4d4edeed0db111a9a8f280ebc5,0
c5948bf45f2a589a7fb5376a6172d14ada0ec3b042b54b3b5d0c685411d2d141,user_30,station_8,15:40.3,57:40.3,6.52,09befec4fb37197280ec5e56fb9d91e6be24956fc17db0b8eb4cbdcc57180915,0
3f1966eab8ea257dab24f6c18acb5e2728fac93c7926d5487ac0ccaa182b9c35,user_9,station_14,15:40.3,51:40.3,15.24,e76ff0a0b286bc9a244721697ae5fe557429458157f9eff30ab3626ad094f05b,0
3558fb32101ddf4db89752604690d3fb8089b1106aabe60b0218e2879fbf5298,user_19,station_14,15:40.3,35:40.3,47.62391295,6262d95d8bfd9eda44334aa1d5febeee9b91e438961b83ff20187457a812236a,1
c286f693d7bfa9956230ab6882ac877394b7c0a79fdf44e9ca8ba7e2d187764c,user_68,station_19,15:40.3,01:40.3,14.93072041,704a61d4cd74cd95a2d212a2acddbe5b3d3930a789d9ab6df4c323e8e455ed90,1
d0481c73e9f05a61e4fc69102c2f6fb6eddc4d48ab73772af75eb51609ad91d2,user_44,station_6,15:40.3,02:40.3,43.28,e9ce1658f78f223a8f0dd9b9cc348119ea1ac47baed60ad6b0028eefb8cf8a0a,0
4832f49e590c618058e5ea1f4961f6683cd6052c5cd0b599ad52754056df7e5c,user_16,station_10,15:40.3,09:40.3,21.22,3c4ba9c446a557ea15b27a25d61399a65f1edbc423335e628721aa3992393e42,0
98ac49e4e5b3b1c50236f1a7abbca750961ab76b09928d70a79919986427e04c,user_73,station_16,15:40.3,41:40.3,49.90259163,f705032882ada9f9a36973a3e5821ac27002d7fa68a68d57bab3d04d1e72e640,1
3ade3497cde6a8eb1baa3a11abeab91f94a417b6bcb9db19526a07e3c19802c7,user_81,station_2,15:40.3,07:40.3,37.14922282,d0bc95af5e3d2a73c69514df8700e688e3190c96d72ec93a37ed4632c49c45ff,1
974178259927a07b3a64b99185db1fe9a390f5593a3fb445fb035a13844d8688,user_94,station_9,15:40.3,09:40.3,32.15,4421757b7995a406519c99f6a6329b0b3ecbbb51c0ccfdbd19ca9f535d81aff8,0
0ce07dd010b12e5325c3895cc165f057878dd93d9480723f9c21681c744451d8,user_66,station_17,15:40.3,45:40.3,37.06,74d67b06c3c769feb2d941735a455f7bd185e0c37101535373db166d34c950da,0
0b23b14be0ad34c3e66e409fb30b505e5d5b094e562a3ccc3fb56a926dfe72d4,user_28,station_13,15:40.3,45:40.3,42.93,3ce4652e84db9d2e4f48c1a537950730a3ac481b59027c370429a0695448887a,0
3c9018143c65c8afd82d6e723a03523a5fb5642d382d6d78d8b079c45b4a5354,user_48,station_20,15:40.3,28:40.3,12.56339416,4f49b6f5c5142a48fedb5fe014d32b0f2612b85e71f745760465815c8379b145,1
90232955f430e469e0654087629e2a2381f7508b5bbab6f4de3622488d4c579c,user_1,station_13,15:40.3,15:40.3,33.37513401,28b84f2f97ee10f5af6fa1dff0e303766615c4a6aaec1333b05984f59f76f0fc,1
06886aa32407a698b5966720434608fb3bca8fc33e2aa237264001c68efeda3a,user_94,station_11,15:40.3,46:40.3,13.52125957,9d8717299a557de4b4a2ad2e3a9b078ce05023682d797998364ce92cb7e34380,1
069f2a28180749d0c241d85b17d93643c022a202a69d631602b965cadd75f002,user_83,station_4,15:40.3,47:40.3,36.68,5453fe0afc85e588560458013b48cf30279dbeecd755c7155ce1d88b552fd256,0
cf6a36ffee32757bda13f625df5c056afe9d9109a783b5b816e46feb15cd61f7,user_77,station_3,15:40.3,49:40.3,95.1421319,cda5cfe2db8728ffa2d212bffbacb45db3848eee9b28a0c25331097f9fbde56f,1
a334d88c787d75741e4c976f88bb275f915ff3b22525a1ba2556c8bac71658d0,user_49,station_18,15:40.3,50:40.3,5.14,3335044ef6d18ee61d0e5fc71ebf711db92f8b4b080abf90219b426fc96a4f6c,0
dc9d9e61deaff464da75ce91c919bef7f05cccc153c91d775b56ba502cf8c15a,user_33,station_9,15:40.3,52:40.3,17.41774063,796cd8e10023fa1312e39a62edd1a73d1c2b678e875e8115e07d0f4697e57c2e,1
60d7f0728ff050586f43dad4b1d2daf55ffebc56349a32aac0f1419dee52ecb1,user_11,station_1,15:40.3,42:40.3,12.16,f5cdb83b04274eead0b0048eddb62f210d5843df158c723290d109070337583f,0
e40af80450b7517b4902f8fcf08e6130f8a0844c56761d1e9a1d84f374f91fbf,user_8,station_3,15:40.3,17:40.3,74.37503124,2bcbc7e849fcfc1b348b2b979054488689d9bc208ba742454e1dfdf023a257ad,1
94b2ff733388b389eea1c9d67ba77b9905db5a2d1f54246fa9db1e15db39347f,user_73,station_19,15:40.3,12:40.3,41.19,8959b5aced901a9b21b991caa46de7a85af021537a1111c1c19537b2984f9a3f,0
849e22dbbd01348610cd3ff2af9ddcbf02456b61fd7a449baf3e3729ce2b1987,user_66,station_9,15:40.3,46:40.3,41.95,a2ff68242fd576d6d52a9258f039b06b4627a5103c9e925debd6087b46106563,0
8b362825b3a4c20c5f068c0ee03bafe5a01b125e63741a5320ec76aa10709092,user_72,station_4,15:40.3,54:40.3,6.32,233fa8b438446b9c21c7ad6ba0426639da6cc66ab2dfb5390ecf56494835c717,0
ea7ab18d1d4489bbc272aa8945d864e1b28169d4d14f8356ebb1700a208e8235,user_91,station_20,15:40.3,59:40.3,9.64,5f0727e55989601bc2b3693a4117fc7ee12e248daa64ae798b82f218b15552a0,0
0d11037758c7d2f23ebf7168f6409ce4aa469dc10fd79c2189588dfc15dfc06c,user_100,station_13,15:40.3,24:40.3,77.93393665,0c10bbfcb50fb8710b0dec52194292786fce8751a8605be0db7e7089d5e1a724,1
9e18c154102c5bdc3da119933b937820d9fc8b306e2af0873b6e11e5cceae416,user_94,station_11,15:40.3,46:40.3,18.09,628f6b0ef543260b3cd925ec25db0249ea2f81e978d336566b7e3273792c1fbc,0
f130d34df75e16bfdaf05fb39e4a5794f32d52651cf1ed812fc482bcd6c0dc75,user_72,station_12,15:40.3,00:40.3,26.37594179,7384b95834c521b3a83a8e0e21c63c33af61fda712f37d950541f0eeb2be8c72,1
92f96271a34051d66d372b3153557eccc96756450f81f19e2c8353d3498b56e1,user_6,station_8,15:40.3,46:40.3,6.33,d1b6b58fb390f8e9cbc60779876d344128e85456520aceb8b65bc502fac9c072,0
20490c2904130f0ba70a416ce3df65d6ccccd897fdb0cac639a65d383a2fefb8,user_9,station_11,15:40.3,43:40.3,59.84877622,176a19f8b90bee6638fa53b0c3ffc33953f8266641c07d89a518c88af00a3331,1
76a70c0dbbb8cc0de24b0c8607196b5c897344c11e2f2e411efa0d17ecff0c88,user_69,station_2,15:40.3,05:40.3,53.75374045,bd46d4c37ef4c1bea68ff65e00ca2c46a7e1b9cfba2762d86e4395fb28254c1b,1
4317e3d41692a1b64a52fc0128b2f3dc2049c8e673a7b292429984ce423218ee,user_35,station_12,15:40.3,38:40.3,38,4ac40d0a9b19b1bd873c532f09e6581395341106ede79a5ffbe146839471dc67,0
4250f805cfc8335b96a7eed7bcf5c8c0d57b91c6d8b80c635b3613874695369f,user_61,station_10,15:40.3,48:40.3,20.27835578,f991e6c0310559aefeb9be3a9b6d767ab0d547a229a8ef829c2c0f15640f4cb2,1
96478c5f8e77bb88be1a7071a5a7f0c24322b20739525334f7dbbe1baf91e723,user_99,station_3,15:40.3,39:40.3,17.81,22090585917c4656aee7e0c567948e499814b55036254a9d928a05688100811b,0
25fad64f7a370df387c677c4eae4949fc88f594a3a2a9a55f569f8b9b2a8a566,user_35,station_13,15:40.3,53:40.3,43.37,e7b85f1a59a6817bb6b9c5c2acd6a6142509a72f14d8f3c99b49397c17e77dde,0
c76f80fd695e322f79037abc21faa4b5a60aac86179b8b1f2023136fa779a914,user_61,station_13,15:40.3,12:40.3,43.99,fd3e21952a608bc819955552087ede7f2ca5dc851a53cd425d7a13517afe810e,0
461bc4b96fe2ffdc8efffdfc7a7a78178169a9416edabc87a5b2f1248a3d786f,user_31,station_12,15:40.3,13:40.3,26.02,611118d65e44e1d6e766cbc36b65e531362313b4abcac3c34f23db62a3648e49,0
ec26b43abb8a6404c42d6c87e536dfe8732ab6eada9864ecdcdd4de9bc17dfa2,user_74,station_19,15:40.3,00:40.3,26.56,0eda112d68a92012fbc35ed978317bedb38dd00a25c129dd58ec6f3f669a8604,0
1c373a1faa8e5974d0874ab11bb88f8bf97172946288ecff790c976d73413338,user_15,station_20,15:40.3,29:40.3,5.24,6f3f93e90820ed74d8378d0e9627da52f8ee95bc6364c336c11ffd84f5e94070,0
055fc98041831dc01fdec80b92d2fbd17134ac26c40954712a15e68ad23db48d,user_68,station_6,15:40.3,39:40.3,51.24635541,660c88a2a792d01fe3e289d44606f4409fdd6971ec9124eed13f515957c9a118,1
44ecd89fc19275f4367b9952fdec550aa1c525165e581e33fe37607e96f3a10f,user_3,station_12,15:40.3,45:40.3,19.83260436,57c04dc7a321dda85d1cde3b6c8bbeaf58870da1cdfb8c2dd510adaf29fa6416,1
3012659b5ea13bbbeb085272ae2f75d2e603d7e6983b80c3173494fcf6f84b57,user_52,station_11,15:40.3,17:40.3,34.22540962,88edbcd8feda199592e89848945f934175a919768fcdda710580e30dd41fe617,1
574424a62043de8fa9069f068de8e5667658b25c51e631f20f0c2ee24aee6b88,user_56,station_4,15:40.3,02:40.3,85.68512178,ccd5307d0d03ef9bdd0ea35ba74f56fc136747f00efd8ff5d17c0f09ad716296,1
2c7f445354c1f96bf2309872748d127fc492bc0d4100c154d8a1f09e2c2380f3,user_74,station_2,15:40.3,05:40.3,14.19,d1b35a9d2ec9f6f70689f76c96537b2c8a208cc36e71fddf70f1284c1ba42b40,0
7426bfb62daae437b88d8228a31c272f455d183321d6d9742efe2d27152f9f79,user_24,station_14,15:40.3,00:40.3,29.39,a37a30f1088a30cf854a3a4a5f74e7d096f9a4cdb19678cf723def8e4643fcda,0
bd0326974a6a7f595de24662d971567b2fcc69cdc9b0951dcf1a79d58bb25ded,user_34,station_13,15:40.3,13:40.3,13.5178681,f576df9efe83379d9db8e737b73ee21b28b0963a10e52374fa64fbcb68224ac5,1
d3a47bc5183eb94f3d192ab23b9125b0d6c840e3e76eb0313aa49616a68851da,user_44,station_5,15:40.3,12:40.3,41.25,66b1569eb0ba5f64ad8c9441c26fe320fd2363e492988083bf69a287c309d209,0
18df904389492de6675e64328d3312a496c35b80c18079698a857039a3dddf79,user_30,station_2,15:40.3,53:40.3,21.2,d1c1349ae205c961df58ae4171877621828f680258b9225bc87e49fc6e31d2c9,0
6e49161a55ee754ff4c3f862e22b347a2ca97729b8016579db26de6ba5e15c24,user_21,station_4,15:40.3,05:40.3,49.64,6d3cad93caaae90a0e339123cd16839e47e6133771f70d5d37823678811cc95d,0
f9f175695b053d12a95020388491ef23ce87359f66bea7c546f846943facb956,user_77,station_17,15:40.3,12:40.3,55.19122259,157259367cb240573c6bbfba788a949b252e233406aa1145db3c39410fa5d479,1
9fd7269a0ba634b23b188b737508867b45051f10f8fae89af80a6c1ffa6cb960,user_61,station_4,15:40.3,14:40.3,61.5080487,52e759bc1439cde582a90a7da2f870733f375f5c47c71df32f664c917374747c,1
4894877ff5ecafa15b670273607c961145a8f52e5c0c2c4e876df3fc57998f3a,user_78,station_15,15:40.3,57:40.3,63.45299565,7060b4cce49cc5f6b1b872c1ba73158ec6159732243e02bd3d5611bc3912a288,1
1027634d255a4c0da652dde4e1dc3f780a8e897182bb773a36566f400b8ea378,user_33,station_5,15:40.3,23:40.3,6.91,e2c0e2a3ea0e036887f50cca33c4cd6934763464e6b680a7e8f2410962182c7c,0
aac772a6e7556ea54a72597ece48ee86744952ba3ce35d5511d1b11542951f33,user_63,station_5,15:40.3,23:40.3,27.21,2949b2b984cf1c35c59aa8f14db4f050f43713e95f68db9c10fae8083676adeb,0
88df2e507596acf9ffc938df0c385195cca13142b46cd755d1eb09048722299e,user_39,station_16,15:40.3,31:40.3,45.34994545,b11476e686c7aebfb37f795c5c08e4b0e25a94672dbca7d7b81703a981940e98,1
0ae09a5853a7c66c052bfb11fe80dc9bc2cfe971656e1c16c041edbb923ff3cb,user_37,station_14,15:40.3,20:40.3,48.5,8566900a6cd7517ce4eda8eea6c9d2654eb932cff7ae91dac67041c62efb21f4,0
6e26df86b4044a2afabdb2537878c9a299f5dd15bbc70bfda3575a095f8f1ac5,user_66,station_16,15:40.3,55:40.3,24.11799788,3c764fbd059973711b6c0983d7fe328574e571d32f62266a14ce0988a8daab0b,1
d02e24633e90a6715e6b34e0d5a8f39355c8dbc5704d124a33ea708d945ff70d,user_30,station_4,15:40.3,49:40.3,42.33,a7ec25244d1983cb0c27fe297f499eb986d68bdee705ccf3f3b5464e16400894,0
a2c0132908e16dc64aafa27fac6b014bc5ae313f8adf6c44fcf1b6db1796d6cd,user_61,station_12,15:40.3,01:40.3,42.86,ddcc55b2b16bb2d77b36c7be42898fc35add641e7bc68b16ba3bd1f11ff3c8ea,0
7ba30dd7498c118460dc8de6e79efc983f162275385bbdd62625684571919ab6,user_32,station_3,15:40.3,12:40.3,10.21,9f578e9803dc3f0f84830608aaca6f529c4318d24d8d0d2e9fccb72610227106,0
c4871aa94d523928c573ebf2a1859267c504c371ef926295fb851f298c840590,user_64,station_17,15:40.3,45:40.3,35.6,4719e10c084e96b96f0306f19264b02b148ee4a0f07af6975f44eef0e4183cd6,0
34de76a5705caea224c1bb71a1914ebd67ea2ae4951eee73a3d00aa7657d4257,user_23,station_20,15:40.3,06:40.3,35.60539258,41e811f120dcefde6a4dea455e04a4c8a2f2a1bc2271b9cd87fbc479a40154e4,1
8c1b5b65928fbb75d16ac4e020310c9071e4741fbbd30c0f690bc7e1a7a34323,user_43,station_1,15:40.3,38:40.3,21.55781605,16a2f9cfdd7f13229c13021f1cf28733cd8cf8313e056c7a7ae13c2bca818c99,1
1120526c3a808ecf2e297bd2bc29273e808af3986f1ef0420cbb0a0240d19bff,user_74,station_8,15:40.3,54:40.3,15.05,60ca077a0dcd9acabd5638ddd6695a267238d0b5e7d607ad9aeb0cd965cd568b,0
4d5ca1ca5daaf5151ab9f928b34b9c07e9ee5cb3605cdf1d665a724a07ac1297,user_46,station_15,15:40.3,14:40.3,36.01,3ae0eb03e212e130d6a276916b2a61c78d400542e4236dce091058a2fc76fc83,0
e7969d14ebf073796253c7b1e8de8caa90f49cbd1da3068c48c75b075cae188c,user_2,station_17,15:40.3,05:40.3,33.66028583,11b19bbcf26b6e8850bdbaff294c6167ace7d57975142d5cf4ae1ccc60274ff8,1
6fbb90e8836c47aaf34c105d001680788c13e959575e30672395513b958208c5,user_54,station_20,15:40.3,46:40.3,57.97305924,081be351f1505dc632c214879c2458b01bbb51e45586b1daf8e4b3a6af05e4af,1
95175b75697030b068a77e80fdab8e7a2188ce862a34c5c9da5944c0e1192ceb,user_34,station_18,15:40.3,48:40.3,12.28,d015a6ea9d5d8ce730e0cbdd6adda148d34599502acff7f0b70989fb41923b11,0
9cfd1ac62facdab6eade957798fd84038bfb624fd1917d17037b91978095832d,user_34,station_17,15:40.3,50:40.3,15.85,879b71bdfeb32447c1c8ec9c63b55c9a262b2bb45ea758e91540041ff2ed4a6a,0
726bd9869b9f1dac468fec49ab8ea28722d3036801e1913c832a8717bc39c72c,user_40,station_19,15:40.3,23:40.3,42.14,27db05a070f750b7577c4a5a5c557e0817332fa4cd2854340641d87b483b7c7d,0
c5dc918e892ff821181858d1d2c0877d7ec628ddfe4737f83da2dd4a8feac9c3,user_32,station_14,15:40.3,11:40.3,104.9304386,993246e8a7350e0054b7e9e621d791e60bf9a3c7081bf050001af1ded0b302f7,1
3b9396793ee3a03da79d778bc862c15e61367c3d07ec0dab5f8dcbea720b96e4,user_31,station_1,15:40.3,23:40.3,28.69,9cc820984a2dab3bf1b0321d17bc15244249c7dfe7cdf4e6f6f9cca36dc64f12,0
77d0d5797d9612d1331dff62e5eb12c3a0e4ba11404363ffe78a82c5a18cb375,user_41,station_16,15:40.3,05:40.3,37.65,ac5e7984221fe169a3efd7f8b3abbe576fbbd6c31b9e8d8658ecc57fb1703df8,0
3513ffec85986e384e1218f3923db7fb5ef84d3e26e99306b942c2cdda7cddd2,user_63,station_9,15:40.3,18:40.3,44.53,15e9f5138a4b4b844476efe0a69f644eca2e4458ecbd52080159a078fe877106,0
221d5a055d680251b478dd5770c531ffe29f6b804b88c3726c63cb87f3bb1d92,user_3,station_13,15:40.3,00:40.3,44.12,f873d6c83e10055693b4e609915df2de941786fe260962536f12263f9107b437,0
f5d8baedd0ae182677c354ca8dddee2de40970c9c384b4cf0ab87807c28edf3d,user_47,station_2,15:40.3,13:40.3,35.11610138,7705840275ff1d5a9b1c1beda61ba489283ce3186ace64d60eba9d33108c44d3,1
7820c4f5f73578477af42d6520daea11f93f38b69ce270dc0327740bb10c914e,user_5,station_1,15:40.3,57:40.3,48.26051762,fc800d9099f56eed6f95f8d787fc5bb4929f115764b638b8a954223765e790d9,1
2bf19afbb07fe6b81b18084e71e7a63faedc53482a768f8ce2e6a5c81e14aba4,user_84,station_11,15:40.3,06:40.3,49.02,7a3ceb5db2710276e60b239c2434d707439ae84e1342d1aa2e9db0077b52fd95,0
e8b5e49782480c56bfe57ead614a082255e5ab0ab55c0083b11668d54f532d0c,user_43,station_19,15:40.3,36:40.3,24.07,b4eedba21c38c4449c5437d2eae9f25e3bddb12fdfe61ec9aeea21269cc63a79,0
717d258043d5d4be3b71393fdc5f3ebf7207612ffb8fa2465b8d560250d8d18d,user_6,station_14,15:40.3,12:40.3,48.85,f46798fcaa85a54a4bfc86a5814ceb2bc97b35e57c31c6c07966dfe4f0d99b59,0
da34bedfe0f55b845a26ca873b5745a6b1350432e70b40636641fad5f9ee783a,user_4,station_9,15:40.3,36:40.3,65.48306823,508f6711b856ba3ec745b8de55e3eec31dc4aa3304d978ab3615c7c273744d88,1
a609f89fff732f37d140293e325c0b4bcdd6517d93296ca3fcfd098c9cf437b4,user_6,station_12,15:40.3,45:40.3,76.26729252,59bee1fecd84573792154d12a7877dc26d17d0fd29e0cc5b1e8e5125adf73101,1
ec36b9963b2c4681c267d47b60540bc1bae03922f204339b3d595b78d703c390,user_33,station_6,15:40.3,13:40.3,22.29,49093ae6f7f25793b91e78d1367968f1d2e6cf3a32dc92c2188cf8514b94fd16,0
bcca393174a669154fd73a03d54204443713839399e9d6b518386db920e1c7b5,user_33,station_10,15:40.3,24:40.3,44.58,3ff538dfb848ecfe7395300e97a919d4fef233a2919890d1bb42593cb5e2a303,0
164146a499124e4a4f6513decc82b87e2fcb0f62fea294a4f9de154acafde860,user_48,station_9,15:40.3,40:40.3,91.9296593,a97df693d2579e922b1d52e7c3af43f6b94740972ed69e93ee4156ff4c48d97c,1
cf2cce9105dee5c6b78d9c1fc6db06c6bd43bdfe7473b34ee6329f584487a0d3,user_64,station_5,15:40.3,54:40.3,122.3685181,6d6461df0100d35f2c149388df7152f0669b2c26f084c96930084d0257882dc4,1
b81b87cb69d32ebae05479dad8adbf7e6373274b85c830792ca9f49ca46d5747,user_21,station_7,15:40.3,00:40.3,70.77910139,8018135eaf88b8f0aa4b498b7ba5c01b2e393832f4d731dbd7fce72c27a0c3bf,1
2bb5b38ee84687db7bbbc8bb0f696b293ba9899bde73a7188721d8e2e9ff4943,user_81,station_16,15:40.3,20:40.3,74.51580873,6fadef9f158381e4577dbb449bd333c34b443743bba7a9d0f1323f7a1bd55912,1
dc077517c6f27764302c5e79b849e210464519b52b9b7f85408e539816c1a9e9,user_28,station_9,15:40.3,53:40.3,97.64379742,46f5b12565e7835506eb5a801e2a541a8952dfae223fd0ccfeeaf8d6c48c23a5,1
ee66b55378e9dc107f6a4cfb8c98d2cb6a01ebd762b172bf7b736750cb39f5ed,user_39,station_14,15:40.3,05:40.3,80.79056183,55833e19b02b972b0d33d3454de806c9d14876bf5606f43aebf62790c62013d5,1
cc36960c71c52e720be557d835943b8252295fa6ba6a396a0d098b741a2e7eca,user_72,station_8,15:40.3,07:40.3,30.08537746,ae9c58799ab2cc7e51fbb69cb326361e894f227fad3a30e4c8b8f49509d08fd6,1
a88f5e4f9b910248819417c6dd76ea05b21f50de9332e1e56ff544e93a601161,user_32,station_15,15:40.3,05:40.3,35.69,76ad3f36e47505c56b36b8a8e8f97bc962538f34fcbb52cb3bab72f70399e2d2,0
a26141dceb09ab07dc68749e7550a1b8f02cdfd5efd1559fe4aae699bef9c7cc,user_44,station_15,15:40.3,50:40.3,49.56,9fb7cdcd1a7335f64cb53392cf6afa6de9ef2ae1f99349d817bc4823a2105452,0
b3444efb494e688fc0c50eaf5b19d1e43275b0f7c119d918599adb14029a1a8f,user_96,station_15,15:40.3,01:40.3,55.93837804,c87ed3afc4f47a03221d8f9e305c4db0ad9f56fa218692408eb30f24cb60fc4c,1
161a5a966d2716ffa278b89cb917ed7c6d0bee05b75c446ff21d4ecaa8019852,user_84,station_2,15:40.3,23:40.3,56.84504876,eb67e52899708db17839b9edc5de3fa9aa3140ee0d9296de611bfbe6ab3a3c51,1
92525c052e15327fc0feb674e95f3a2ed8bdec0e5f6edffc7c8b567692eb5cf5,user_76,station_3,15:40.3,14:40.3,18.76,ffc28d9ad4dc88bef67b51089f5ecf684be0ed775a96306b3d59b1897ed646e4,0
78d731533738986008d50a8f68e441007bedac8e014bf76ffdf59aa1cbe76cc7,user_1,station_17,15:40.3,06:40.3,15.62188636,af7d689e31d2ba3da0d1c8148ae2400fbc1ca81387c42f9d61e64aa6a36ab431,1
d3d9537b0a731c2f3ec25c47178a050c5812c3c288314a2fe0db3081078335a7,user_3,station_3,15:40.3,22:40.3,102.7002597,997d3087fa6ab69c4a40e86a64720f612d97820db7cd1bf32794e1e912c20358,1
ebad30712324098d0bf8f7ba9f3cd9d84d5d584447da26510bc43c07b44a4550,user_85,station_4,15:40.3,56:40.3,26.06,1310fa0a8d40be5a7f48181b77800580c7fed93bec7afb9c99102b653ded0380,0
b76b7a977fa2d66583808a011a65a537f2429e145475fd6a0b06188ffe22dbbf,user_51,station_6,15:40.3,14:40.3,65.2172962,74dd2ef898b234de87c1e91a4fde6984c28eca99c21fa7a11fcb3b6290c15b67,1
50c7daf6cb4e253974fbc37efada1b01a17c8c759f6c9f1a7e403ca78aadadbc,user_4,station_9,15:40.3,09:40.3,23.3637622,4162e420d5485da4d5c13783429a8e45f42c14f22d73a00b2c0e457528e19521,1
05511fe208647a5a696854613d9d30815298de78c78c0541781b10df3e361dc0,user_85,station_2,15:40.3,42:40.3,25.75,87edb2135a5ec056e5659fa5311667d530ae8e2ebdcb18a7bb5390684951ed99,0
ab206578a9a110d27682232ac7588fb4d317b15ef23e3533e76e59d88689925f,user_60,station_13,15:40.3,32:40.3,21.84933408,9117b1d6b972a64c4c2894dc2c68d5e51b20450957d7665837d0a4bcabafe63b,1
4f23e5235080c98cf65c06c7e40e8a51066cf389aad30380b5cf8f7e9570ceb4,user_25,station_5,15:40.3,55:40.3,91.78294927,a86a10427aa8255afde4e66f1d21b84aacc5e7d3d1e516c0f33d3664db4aaf1e,1
3b53be50703344435941eea665a45f3c82749ebddb572d6290327da808325ffe,user_17,station_2,15:40.3,57:40.3,13.94,583788831f1d5d54ca0a691ead8285fa0241098b8707873e8cf7e713a07c74ef,0
623dd84549114d5dc2ae4d2232866cd7f039a1afe14ccabd6d70223c8cebeeff,user_11,station_19,15:40.3,48:40.3,40.69,e6d2b422e9bd7134bbf237d3ff828bd37636614772dc7ec1a0a5a30ba6302131,0
8f3b9a75477871afa07383be7c4671d14e146c022da08b83a353d0254781a755,user_40,station_15,15:40.3,09:40.3,24.8278885,9c2174c6251461e6d2a170b6228c96cf7f7b49991c0f6804a4610d2482d3cf14,1
7e5f2d4e9eb88d2e876aa83bf7ed49c9097fb536ec1354f04f2eba17339bab89,user_28,station_19,15:40.3,28:40.3,38.99,aaf97b2c8b77093ebe79790aeb92dd7c9b1f3e358deb4edfeb376f92ac0be78e,0
889c82b4759c510756222b00ba6c78e85c6c2992ebb34350ca3fe65aa372b1e6,user_54,station_17,15:40.3,49:40.3,37.11,a42b1caa76f190394baf3142aea082c6ac10b35dd8b960710c2e2be90c7ae48b,0
1e7fe736555f2be8944c414ce62f2097aa030f1ba121ea8a0ea9297d8795863b,user_21,station_14,15:40.3,40:40.3,98.77535282,78607385425b983a8b8a95672af06f0de79535474dd9ec1c375f7b96304d7d8b,1
ba6042ef95edf047301713d019ec40cadc8f4b7c8c35cea867e5881929d8e637,user_43,station_14,15:40.3,06:40.3,15.26,cfbb292b94c8b4c7b2375b0d747047c19583fb1b8b6c880a4696b799475d82ca,0
7f1f06832dd26c23ea7a3077ac1d1fe30cb4223a0052d7460019a5ca3d0695c9,user_29,station_19,15:40.3,42:40.3,12.49708458,4ae5f9cebc71852bfe4a3a7f115018bb08db65ff69e4f976771092c65340f364,1
40dbbc2677834e1556ed1ac6ffa9ca4fe26c7e1c11b262ada18ba8efd4395084,user_74,station_14,15:40.3,29:40.3,42.82,09fd87d01cdfc8d331612dd1471a8ee175ebeb8718190d23fb2b69435a908bb4,0
4b59595499b0d3807ab00426aa68084207b7d122bb43460d40e60fa17d37ede0,user_96,station_10,15:40.3,51:40.3,19.9,5ad6ec4b021f7b64cd38471530efdf66078cea2e8dfcdaaa718b613836a3f272,0
0cd5d6d2fc998990383afd82ab894d8f0932d04a67ec0ba90dea01dcb256a918,user_96,station_7,15:40.3,01:40.3,98.02710076,c5ada6a47e4a6fc99708bb1bb0f741c3a12250e4ca5f0a362413d88772155102,1
831594aa081f148d619b3b4416e9b305d180018469abcc02e859d96e776d7d54,user_32,station_13,15:40.3,13:40.3,46.32,0c8f0da7ad74434a2ee14ba2d01f316d0eac23610c9fafa6c6d7c584ea4a0fdd,0
9402a5dbae78d1c811beae4e7eb3af20fe87e3ca9a03887ae684a04d8ef9eba6,user_4,station_14,15:40.3,43:40.3,10.87,4170163b2ff89cfc39ed4157472ecc8fb883a9e871b1e99ac457c1f01513ac5f,0
cc63145bf831ddd9445aab83ed12e845eb61bd8e78e96d9b43c6c371e7e873c7,user_15,station_18,15:40.3,56:40.3,49.55,fbc48d5a42211376268c3d1c4e11f0196ca3065c3960f5bab1c76df76cd81f8f,0
6f7b8a7837f4d406dbfe3e1e68e5414b5aa4328a595bbf4b0727a3ce63e7a2a8,user_64,station_5,15:40.3,16:40.3,98.29472859,10b21bc6c5c08d101c8c8b980920ceb257d23275fb28fe37bb6174a3c263fa4d,1
821efb56c69f7842cdb58a1b79e19a8444b513b736dbc05fe7b79f725edd1ae0,user_39,station_7,15:40.3,32:40.3,6.91,abfef0d20e39881070575b42ff7b67270106b85a95828a8f807bb008b4481d33,0
fc32c0b8549491370d13570e17f67b21a77365fa45a3b6e1a50bdcefee169a17,user_15,station_5,15:40.3,42:40.3,23.53840294,f92ab7f6ba03921897b1e3d57e988fd6b7101aff2ab7454f5407363e5b35935c,1
f377bf7c6b94875c9b4c1e3245091d29892afa8d7980fb3c05eb84080ad9f713,user_65,station_13,15:40.3,55:40.3,11.56,7a13ccb52ac89acea0ff9217d493b82568ea077f850b234f916370b5bd90b50a,0
5d568a911a8d68bc8ccfe8545ebb2d3954c150c9491b39d8bc706a87808ae251,user_97,station_4,15:40.3,07:40.3,30.73368375,10e0de3d4ed6dd687053d003906aa23cd473b4c3e6c27d8188a0777205a3b648,1
274c60b12c99fddbcc067ccbceb979421964aa992176ca640c5980616b0e16eb,user_75,station_4,15:40.3,52:40.3,22.92826912,e9c4e22af94a5500b016b1f9eb0a757da2c376b0ebc6f25034a79845f6654122,1
ff40bae76c010990771b3aadfb4d2b683118dc9292d11032487301fe28df3bd1,user_46,station_17,15:40.3,17:40.3,37.29,ab6bb8e824bfd40fe381f07ffc3afbedad896efd2893c865d6c3d1ffbc9c2a31,0
bf599a47d1b266c956d903c0a484e22c458e66bd9280b23b6e0dc16f2eb9ffef,user_35,station_5,15:40.3,09:40.3,33.35,41fe0863a5bd3f6083c3c31634d36f73ef24142d996c31fe050bc6d25d0b43da,0
c5aab2377dfceb3f3ca0fe55bd019d5584a32cb9329853bb89d467f9a8cedec6,user_20,station_13,15:40.3,13:40.3,16.72155315,2193cc0e3aee3181dcab6f5e2c348230c384341ec39de8269f779dcb9bbba8e4,1
bfddf5fba027e21f6a3747fec87d79f99ab4ca6ca133d7d503f0d7ed96bb4bb8,user_44,station_3,15:40.3,47:40.3,21.97,466e5a10b4da795f160429cc0702ac51d8c2fef3f022e32b217d302d9eda90e6,0
2d671ef35e084419847b42b37e80dd6731f716d9040976f96713d7d29cb5d912,user_75,station_17,15:40.3,28:40.3,49.37,86db5d3c2f66149ac762395740a8eca8d4c0093c8818fbcc8b790196d118c634,0
6807a3ebad2117da4492c1cd04ad782993bac1b5b75f43476eb65b70ef63af2f,user_5,station_8,15:40.3,54:40.3,47.51439373,c5fd093ced522933733595c8c709d78991db7a74294cb0be23ec35df3fc94f56,1
ad2a77a462f70cd2844f035e5425f26c4c1e05aea93ccce1387c707e431f074f,user_75,station_11,15:40.3,40:40.3,27.71230133,001738f1e5b852cc945d723a2fb932cb1cbbac93a8df8711b160145b88c4c673,1
8cbb066517164a0db2c1ffb65d7e93551360eb331bda9d95b24d80568216598b,user_85,station_18,15:40.3,47:40.3,80.08960466,7ee6715a91230d04abce523b52c7515835339027dd464bc5ecb39504fd162452,1
141e72a4de04ed51410826a42c34e8601c3310254dcf94a4ca6b29719e8a7e2e,user_56,station_19,15:40.3,36:40.3,49.55334829,e6d28f9dbd29c554df57c4fbf3150e957b76a856b3135862e13b38750d131934,1
1cbc568995d7de5a6c758f7a25324dded9f9b5354f86932d9b5a98c2c51c956d,user_26,station_18,15:40.3,25:40.3,19.46,7e9e7f43a6d620c4b04b4a29156726aea18b017434f3e1aff65d0fef1b00b427,0
4def3f48f10b4633fc18d39af33e45cca5a3aa3f1d3afb6415659d1407cf6b6c,user_99,station_1,15:40.3,51:40.3,46.73,7ca32d1aa1cf7c31907b41371294107cbb28e3e8bce4622b2efd8b305ffbfe38,0
121c23a8b7c579eaab0c9fd9ee2debbb71b649ff0760983d8774701299f426c7,user_51,station_12,15:40.3,17:40.3,13.60924656,4a711e277460c594942238073d127ff1b30dc3d7be642ed9a27c09353a6987a1,1
239c070bc78884050e35ee355818f33ac22024b3b548b5b99d54653d7904d455,user_82,station_7,15:40.3,07:40.3,22.59,55454270602b3348de431a78aaa87a93d5ef2d5f73265bbcd118ed7eff89a150,0
04e9ac8811c890e59e933758aae4e5e0ea0195fff809ce48635a11907d3b07e8,user_91,station_6,15:40.3,54:40.3,52.02950899,6d18bafbf54bed00d36befda2c17db2fd8c249ee33ce38abb67d470aaf632525,1
e8849256fe6882b0c9994716985fb4d5a959dadb0d91c9a78964228e6d6c96ec,user_92,station_18,15:40.3,12:40.3,9.12,ed93bb679fa070a25c6ca40c1e778099912708ce4e9fac223c42a8dd305dc48e,0
dde38f32be31d2f0d9a850dd13d9d10c65d9cd31bb24d5ad4f02111b026db2a3,user_84,station_13,15:40.3,33:40.3,46.26634644,14cdcccc0ca502aea2f9a4a406890e1204af194922ac19ed17eeafaca1c43bc2,1
81cfb50ef5d563d12dd88807a0ea31365226a380245eca727287c0c6aa71b6b3,user_9,station_20,15:40.3,55:40.3,50.1450073,b68ea9492b207d3d9d2afba10085d3c33e975a646f9bbd07f6799e7c49174a1c,1
099e93a746d037fcb8eb28e7d2932a9ad6914af7884fb28a6e96ddac3ffc3b18,user_67,station_9,15:40.3,41:40.3,49.06,c7983be854d8f5901ab2d6b3072ae93fb2d863e781ec8aa9ad68727c6e5eda01,0
8f16d4df4b3d72a29045c74ddc9e23cbf64ed8b025eea448792254ce3dd99f33,user_100,station_19,15:40.3,47:40.3,121.2139525,f06afe478fa36eb81662b264ee054d6d47ae4f7aa8dd8da1326053e05d460b52,1
fba9f81e83babaceb21aa48dc54b9f6eb1cade3d990095f838942ecb3389f305,user_4,station_7,15:40.3,03:40.3,43.5,4882b3c67d1169c936b99896dd6226ae6093592e2af6f17cf0830436b176850a,0
4f7a5c8e42bb1c8906d3673133cc2fcf87b26deea3b576579c4004a41db912a5,user_42,station_2,15:40.3,06:40.3,7.54,dcbe4f6f4341b7ed001f3e3dccb2df9099ad19612b4830726a69a7254fd03cef,0
b301f7146e57a2f8a03d6c97f5e000ec913b0fa2975cfd8480e5577c1430bc76,user_41,station_8,15:40.3,57:40.3,48.89,b832dc359af20d8cff3b2e2dd628a91f444f0701d42b6243a76dd567353b7691,0
